Date,Open,High,Low,Close,Volume,Dividends,Stock Splits
2018-05-03,1232.0,1236.9000244140625,854.0,945.0,200,0,0.0
2018-05-04,938.0,4116.0,890.4000244140625,2884.0,700,0,0.0
2018-05-07,2842.0,4508.0,2450.0,3199.0,500,0,0.0
2018-05-08,2940.0,3555.300048828125,2632.699951171875,2660.0,100,0,0.0
2018-05-09,2807.0,2807.0,2100.0,2303.0,100,0,0.0
2018-05-10,2275.0,2345.0,1694.0,2138.5,100,0,0.0
2018-05-11,2100.0,2590.0,2100.0,2359.0,100,0,0.0
2018-05-14,2345.0,2415.0,2171.39990234375,2205.0,0,0,0.0
2018-05-15,2275.0,2345.0,2114.0,2310.0,0,0,0.0
2018-05-16,2233.0,3080.0,2226.0,2863.0,100,0,0.0
2018-05-17,2800.0,2800.0,2365.300048828125,2492.0,0,0,0.0
2018-05-18,2457.0,2485.0,2436.0,2450.0,0,0,0.0
2018-05-21,2436.0,2539.60009765625,2205.0,2443.0,0,0,0.0
2018-05-22,2296.0,2429.0,2240.0,2422.0,0,0,0.0
2018-05-23,2282.0,2282.0,1869.699951171875,2170.0,0,0,0.0
2018-05-24,1911.0,2181.199951171875,1911.0,1967.0,0,0,0.0
2018-05-25,2030.0,2100.0,2030.0,2100.0,0,0,0.0
2018-05-29,2106.300048828125,2198.0,2100.0,2100.0,0,0,0.0
2018-05-30,2205.0,2205.0,2100.0,2114.0,0,0,0.0
2018-05-31,2114.0,2177.0,1925.0,2177.0,0,0,0.0
2018-06-01,2159.5,2352.0,2107.0,2240.0,0,0,0.0
2018-06-04,2240.0,2415.0,2100.0,2261.0,0,0,0.0
2018-06-05,2254.0,2436.0,2100.0,2436.0,0,0,0.0
2018-06-06,2345.0,2345.0,2184.0,2345.0,0,0,0.0
2018-06-07,2177.0,2345.0,2177.0,2309.300048828125,0,0,0.0
2018-06-08,2205.0,2310.0,2177.0,2289.0,0,0,0.0
2018-06-11,2177.0,2296.0,2170.0,2247.0,0,0,0.0
2018-06-12,2240.0,2296.0,2100.0,2240.0,0,0,0.0
2018-06-13,2184.0,2184.0,1890.0,1939.699951171875,0,0,0.0
2018-06-14,1925.0,2086.0,1925.0,1960.0,0,0,0.0
2018-06-15,1960.0,1960.0,1778.0,1939.0,0,0,0.0
2018-06-18,1848.0,1939.0,1848.0,1939.0,0,0,0.0
2018-06-19,1862.0,1950.199951171875,1778.0,1939.0,0,0,0.0
2018-06-20,1890.0,1925.0,1785.0,1925.0,0,0,0.0
2018-06-21,1820.0,2030.0,1778.0,1925.0,0,0,0.0
2018-06-22,1827.0,2016.0,1785.0,1960.0,0,0,0.0
2018-06-25,1939.0,1939.0,1792.0,1820.0,0,0,0.0
2018-06-26,1820.0,1911.0,1806.0,1854.300048828125,0,0,0.0
2018-06-27,1911.0,1911.0,1785.0,1834.0,0,0,0.0
2018-06-28,1883.0,1883.0,1820.0,1841.0,0,0,0.0
2018-06-29,1834.0,1946.0,1820.0,1946.0,0,0,0.0
2018-07-02,2051.0,2051.0,1820.0,1897.0,0,0,0.0
2018-07-03,1820.0,1890.0,1778.0,1890.0,0,0,0.0
2018-07-05,1896.300048828125,1897.0,1778.0,1778.0,0,0,0.0
2018-07-06,1820.0,1897.0,1785.0,1789.199951171875,0,0,0.0
2018-07-09,1827.0,1827.0,1680.0,1715.0,0,0,0.0
2018-07-10,1750.0,1869.699951171875,1722.0,1722.0,0,0,0.0
2018-07-11,1813.0,1813.0,1582.0,1582.0,0,0,0.0
2018-07-12,1750.0,1925.0,1589.0,1876.0,0,0,0.0
2018-07-13,1876.0,1925.0,1785.0,1918.0,0,0,0.0
2018-07-16,1820.0,1820.0,1701.0,1701.0,0,0,0.0
2018-07-17,1736.0,1785.0,1708.0,1708.0,0,0,0.0
2018-07-18,1778.0,1778.0,1533.0,1631.0,0,0,0.0
2018-07-19,1646.4000244140625,1750.0,1631.0,1715.0,0,0,0.0
2018-07-20,1785.0,1785.0,1596.0,1785.0,0,0,0.0
2018-07-23,1624.0,1750.0,1624.0,1750.0,0,0,0.0
2018-07-24,1645.0,1750.0,1645.0,1715.0,0,0,0.0
2018-07-25,1715.0,1715.0,1645.0,1645.0,0,0,0.0
2018-07-26,1645.0,1743.0,1575.0,1575.0,0,0,0.0
2018-07-27,1617.0,1743.0,1617.0,1743.0,0,0,0.0
2018-07-30,1715.0,1750.0,1645.0,1750.0,0,0,0.0
2018-07-31,1750.0,1785.0,1589.0,1785.0,0,0,0.0
2018-08-01,1785.0,1785.0,1575.0,1750.0,0,0,0.0
2018-08-02,1582.0,1582.0,1232.0,1400.0,0,0,0.0
2018-08-03,1393.0,1435.0,1386.0,1393.0,0,0,0.0
2018-08-06,1400.0,1540.0,1400.0,1540.0,0,0,0.0
2018-08-07,1533.0,1533.0,1372.0,1372.0,0,0,0.0
2018-08-08,1302.0,1435.0,1232.0,1302.0,0,0,0.0
2018-08-09,1302.0,1365.0,1295.0,1295.0,0,0,0.0
2018-08-10,1344.0,1386.0,1273.300048828125,1273.300048828125,0,0,0.0
2018-08-13,1260.0,1330.0,1260.0,1309.0,0,0,0.0
2018-08-14,1330.0,1344.0,1253.0,1253.0,0,0,0.0
2018-08-15,1253.0,1330.0,1253.0,1323.0,0,0,0.0
2018-08-16,1257.199951171875,1295.0,1253.0,1253.0,0,0,0.0
2018-08-17,1288.0,1323.0,1232.0,1260.0,0,0,0.0
2018-08-20,1316.0,1540.0,1316.0,1491.0,0,0,0.0
2018-08-21,1442.0,1505.0,1323.0,1351.0,0,0,0.0
2018-08-22,1351.0,1400.0,1330.0,1400.0,0,0,0.0
2018-08-23,1260.0,1393.0,1260.0,1358.0,0,0,0.0
2018-08-24,1295.0,1295.0,1232.0,1288.0,0,0,0.0
2018-08-27,1332.0999755859375,1351.0,1232.0,1232.0,0,0,0.0
2018-08-28,1260.0,1428.0,1246.0,1267.0,0,0,0.0
2018-08-29,1295.0,1400.0,1295.0,1330.0,0,0,0.0
2018-08-30,1295.0,1330.0,1232.0,1330.0,0,0,0.0
2018-08-31,1267.0,1330.0,1254.4000244140625,1330.0,0,0,0.0
2018-09-04,1232.0,1400.0,1232.0,1281.699951171875,0,0,0.0
2018-09-05,1330.0,1379.0,1313.9000244140625,1316.0,0,0,0.0
2018-09-06,1330.0,1470.0,1295.0,1351.0,100,0,0.0
2018-09-07,1386.0,1470.0,1365.0,1470.0,0,0,0.0
2018-09-10,1519.0,2660.0,1470.0,2296.0,300,0,0.0
2018-09-11,2572.5,2625.0,2366.0,2422.0,200,0,0.0
2018-09-12,2478.0,2478.0,1960.0,2205.0,100,0,0.0
2018-09-13,2100.0,2450.0,2037.0,2352.0,100,0,0.0
2018-09-14,2450.0,2450.0,2100.0,2240.0,100,0,0.0
2018-09-17,2352.0,2373.0,2170.0,2275.0,0,0,0.0
2018-09-18,2380.0,3920.0,2209.199951171875,3920.0,400,0,0.0
2018-09-19,4235.0,7210.0,4235.0,6076.0,600,0,0.0
2018-09-20,6216.0,7140.0,5047.0,5047.0,300,0,0.0
2018-09-21,4732.0,4732.0,2954.0,3045.0,400,0,0.0
2018-09-24,4732.0,4732.0,3052.0,3290.0,300,0,0.0
2018-09-25,3227.0,3640.0,2247.0,2506.0,200,0,0.0
2018-09-26,2520.0,2576.0,1757.0,2338.0,400,0,0.0
2018-09-27,2520.0,2520.0,1932.0,1974.0,100,0,0.0
2018-09-28,1932.0,1974.0,1218.0,1288.0,500,0,0.0
2018-10-01,1295.0,1435.0,1295.0,1400.0,200,0,0.0
2018-10-02,1400.0,1715.0,1127.0,1225.0,200,0,0.0
2018-10-03,1141.0,1141.0,714.0,861.0,1000,0,0.0
2018-10-04,924.0,1127.0,840.0,882.0,600,0,0.0
2018-10-05,868.0,907.2000122070312,770.0,805.0,200,0,0.0
2018-10-08,805.0,814.7999877929688,756.0,798.0,200,0,0.0
2018-10-09,798.0,875.0,777.0,840.0,100,0,0.0
2018-10-10,847.0,847.0,756.0,805.0,100,0,0.0
2018-10-11,770.0,770.0,700.0,735.0,200,0,0.0
2018-10-12,742.0,756.0,714.0,714.0,100,0,0.0
2018-10-15,714.0,763.0,630.0,630.7000122070312,400,0,0.0
2018-10-16,672.0,672.0,511.0,550.9000244140625,500,0,0.0
2018-10-17,553.0,553.0,427.0,434.0,500,0,0.0
2018-10-18,430.5,469.0,364.0,392.0,500,0,0.0
2018-10-19,371.0,525.0,371.0,504.0,700,0,0.0
2018-10-22,595.0,595.0,392.0,416.5,500,0,0.0
2018-10-23,416.5,420.0,350.70001220703125,378.0,500,0,0.0
2018-10-24,380.1000061035156,390.6000061035156,364.0,385.0,400,0,0.0
2018-10-25,371.0,395.5,371.0,395.5,600,0,0.0
2018-10-26,402.5,402.5,385.0,399.0,200,0,0.0
2018-10-29,402.5,420.0,392.0,400.3999938964844,200,0,0.0
2018-10-30,406.0,406.0,350.0,350.0,100,0,0.0
2018-10-31,399.0,399.0,351.3999938964844,374.5,100,0,0.0
2018-11-01,378.0,378.0,351.3999938964844,367.5,100,0,0.0
2018-11-02,367.5,371.0,351.3999938964844,357.70001220703125,200,0,0.0
2018-11-05,371.0,377.29998779296875,351.3999938964844,357.0,100,0,0.0
2018-11-06,360.5,366.1000061035156,351.3999938964844,352.1000061035156,100,0,0.0
2018-11-07,362.6000061035156,363.29998779296875,224.0,333.20001220703125,200,0,0.0
2018-11-08,322.0,336.0,280.0,282.1000061035156,400,0,0.0
2018-11-09,283.5,283.5,245.0,266.0,300,0,0.0
2018-11-12,245.0,266.0,238.0,252.0,300,0,0.0
2018-11-13,241.5,261.1000061035156,185.5,210.0,400,0,0.0
2018-11-14,213.5,223.3000030517578,182.0,185.5,300,0,0.0
2018-11-15,189.0,216.3000030517578,178.5,210.0,300,0,0.0
2018-11-16,216.3000030517578,252.0,189.6999969482422,251.3000030517578,300,0,0.0
2018-11-19,252.0,255.5,227.5,227.5,100,0,0.0
2018-11-20,192.5,301.0,192.5,266.70001220703125,200,0,0.0
2018-11-21,262.5,420.0,262.5,343.0,800,0,0.0
2018-11-23,350.0,378.0,346.5,371.0,100,0,0.0
2018-11-26,371.70001220703125,373.1000061035156,308.0,339.5,100,0,0.0
2018-11-27,343.0,346.5,287.0,304.5,100,0,0.0
2018-11-28,287.70001220703125,304.5,217.0,259.0,400,0,0.0
2018-11-29,259.0,266.0,234.5,252.0,100,0,0.0
2018-11-30,248.5,248.5,219.10000610351562,238.0,100,0,0.0
2018-12-03,238.0,245.0,219.10000610351562,242.89999389648438,100,0,0.0
2018-12-04,236.60000610351562,252.0,224.0,245.0,100,0,0.0
2018-12-06,245.0,280.0,238.0,252.0,300,0,0.0
2018-12-07,252.0,273.0,252.0,266.0,100,0,0.0
2018-12-10,273.0,273.0,231.0,234.5,100,0,0.0
2018-12-11,250.60000610351562,266.0,231.0,231.0,0,0,0.0
2018-12-12,250.60000610351562,250.60000610351562,231.6999969482422,249.1999969482422,0,0,0.0
2018-12-13,250.60000610351562,250.60000610351562,231.6999969482422,238.0,0,0,0.0
2018-12-14,245.0,252.0,238.0,243.60000610351562,0,0,0.0
2018-12-17,231.6999969482422,245.0,189.0,210.0,400,0,0.0
2018-12-18,220.5,220.5,203.0,215.60000610351562,0,0,0.0
2018-12-19,203.0,220.5,203.0,213.5,0,0,0.0
2018-12-20,173.60000610351562,196.0,161.0,188.3000030517578,900,0,0.0
2018-12-21,182.0,199.5,182.0,199.5,100,0,0.0
2018-12-24,182.0,210.0,182.0,193.89999389648438,200,0,0.0
2018-12-26,202.3000030517578,280.0,193.89999389648438,224.0,600,0,0.0
2018-12-27,231.0,245.0,210.0,217.6999969482422,200,0,0.0
2018-12-28,231.0,231.0,196.0,203.0,200,0,0.0
2018-12-31,210.0,217.0,196.0,196.0,100,0,0.0
2019-01-02,203.0,205.8000030517578,182.0,193.1999969482422,200,0,0.0
2019-01-03,200.89999389648438,203.0,175.0,179.1999969482422,400,0,0.0
2019-01-04,185.5,205.10000610351562,182.0,193.1999969482422,700,0,0.0
2019-01-07,203.0,231.0,192.5,219.10000610351562,400,0,0.0
2019-01-08,220.5,255.5,206.5,213.5,600,0,0.0
2019-01-09,213.5,216.3000030517578,189.0,196.0,500,0,0.0
2019-01-10,196.0,203.0,189.0,190.39999389648438,800,0,0.0
2019-01-11,199.5,199.5,182.0,192.5,300,0,0.0
2019-01-14,189.0,202.3000030517578,180.60000610351562,189.0,400,0,0.0
2019-01-15,192.5,192.5,180.60000610351562,189.0,500,0,0.0
2019-01-16,182.0,191.8000030517578,180.60000610351562,184.8000030517578,200,0,0.0
2019-01-17,182.0,186.89999389648438,182.0,185.5,100,0,0.0
2019-01-18,186.89999389648438,189.0,184.8000030517578,186.89999389648438,100,0,0.0
2019-01-22,186.1999969482422,189.0,181.3000030517578,185.5,200,0,0.0
2019-01-23,182.6999969482422,187.60000610351562,182.0,187.60000610351562,200,0,0.0
2019-01-24,185.5,189.0,182.0,182.6999969482422,100,0,0.0
2019-01-25,187.60000610351562,190.39999389648438,182.0,182.0,100,0,0.0
2019-01-28,187.60000610351562,210.0,187.60000610351562,195.3000030517578,300,0,0.0
2019-01-29,203.0,203.0,191.10000610351562,198.10000610351562,200,0,0.0
2019-01-30,198.8000030517578,199.5,191.10000610351562,196.0,300,0,0.0
2019-01-31,198.8000030517578,203.0,191.10000610351562,198.10000610351562,500,0,0.0
2019-02-01,202.3000030517578,202.3000030517578,195.3000030517578,196.6999969482422,100,0,0.0
2019-02-04,198.10000610351562,198.8000030517578,191.10000610351562,191.10000610351562,300,0,0.0
2019-02-05,198.8000030517578,198.8000030517578,191.10000610351562,198.10000610351562,300,0,0.0
2019-02-06,198.8000030517578,210.0,193.89999389648438,210.0,600,0,0.0
2019-02-07,210.0,217.0,206.5,210.6999969482422,300,0,0.0
2019-02-08,210.6999969482422,215.60000610351562,205.8000030517578,214.89999389648438,200,0,0.0
2019-02-11,214.89999389648438,231.0,210.0,230.3000030517578,700,0,0.0
2019-02-12,231.0,231.0,217.6999969482422,221.1999969482422,200,0,0.0
2019-02-13,224.0,226.8000030517578,217.0,224.0,300,0,0.0
2019-02-14,224.0,224.0,210.6999969482422,216.3000030517578,200,0,0.0
2019-02-15,221.1999969482422,224.0,210.6999969482422,216.3000030517578,100,0,0.0
2019-02-19,213.5,216.3000030517578,196.0,206.5,300,0,0.0
2019-02-20,203.0,210.0,190.39999389648438,201.60000610351562,200,0,0.0
2019-02-21,201.60000610351562,206.5,196.0,199.5,100,0,0.0
2019-02-22,203.0,203.0,199.5,202.3000030517578,100,0,0.0
2019-02-25,203.0,203.0,184.8000030517578,184.8000030517578,200,0,0.0
2019-02-26,187.60000610351562,191.8000030517578,176.39999389648438,182.0,100,0,0.0
2019-02-27,182.0,186.1999969482422,177.10000610351562,185.5,100,0,0.0
2019-02-28,183.39999389648438,187.60000610351562,175.0,178.5,1000,0,0.0
2019-03-01,187.60000610351562,187.60000610351562,175.0,182.0,100,0,0.0
2019-03-04,185.5,185.5,175.6999969482422,184.10000610351562,200,0,0.0
2019-03-05,184.8000030517578,188.3000030517578,181.3000030517578,188.3000030517578,200,0,0.0
2019-03-06,182.0,189.0,181.3000030517578,182.0,200,0,0.0
2019-03-07,181.3000030517578,188.3000030517578,175.6999969482422,178.5,100,0,0.0
2019-03-08,184.10000610351562,186.1999969482422,178.5,180.60000610351562,100,0,0.0
2019-03-11,188.3000030517578,192.5,182.0,184.8000030517578,200,0,0.0
2019-03-12,180.60000610351562,189.0,180.60000610351562,183.39999389648438,100,0,0.0
2019-03-13,179.1999969482422,210.0,179.1999969482422,192.5,200,0,0.0
2019-03-14,192.5,224.0,192.5,217.0,300,0,0.0
2019-03-15,210.0,238.0,203.0,220.5,300,0,0.0
2019-03-18,224.0,224.0,201.60000610351562,206.5,200,0,0.0
2019-03-19,217.0,217.0,210.0,210.6999969482422,200,0,0.0
2019-03-20,210.0,215.60000610351562,191.10000610351562,203.0,300,0,0.0
2019-03-21,203.0,203.0,199.5,199.5,100,0,0.0
2019-03-22,195.3000030517578,199.5,182.0,185.5,100,0,0.0
2019-03-25,195.3000030517578,195.3000030517578,178.5,182.0,200,0,0.0
2019-03-26,185.5,192.5,175.0,178.5,400,0,0.0
2019-03-27,175.0,184.10000610351562,164.5,164.5,300,0,0.0
2019-03-28,179.89999389648438,183.39999389648438,161.6999969482422,174.3000030517578,200,0,0.0
2019-03-29,174.3000030517578,174.3000030517578,161.0,168.0,400,0,0.0
2019-04-01,168.0,168.0,140.6999969482422,147.0,800,0,0.0
2019-04-02,147.0,149.10000610351562,126.0,143.5,800,0,0.0
2019-04-03,143.5,143.5,126.0,126.69999694824219,800,0,0.0
2019-04-04,131.60000610351562,131.60000610351562,87.5,93.80000305175781,1600,0,0.0
2019-04-05,100.80000305175781,100.80000305175781,77.0,88.9000015258789,1400,0,0.0
2019-04-08,88.9000015258789,93.80000305175781,86.80000305175781,92.4000015258789,900,0,0.0
2019-04-09,91.0,94.5,90.30000305175781,91.0,200,0,0.0
2019-04-10,90.30000305175781,91.69999694824219,86.0999984741211,86.0999984741211,600,0,0.0
2019-04-11,84.69999694824219,86.0999984741211,59.5,72.0999984741211,1900,0,0.0
2019-04-12,70.69999694824219,76.30000305175781,59.5,63.0,1200,0,0.0
2019-04-15,64.4000015258789,66.5,46.900001525878906,66.5,1100,0,0.0
2019-04-16,79.0999984741211,150.5,70.0,150.5,5600,0,0.0
2019-04-17,153.3000030517578,160.3000030517578,101.5,117.5999984741211,3700,0,0.0
2019-04-18,120.4000015258789,120.4000015258789,79.0999984741211,101.5,1200,0,0.0
2019-04-22,97.30000305175781,102.9000015258789,91.0,100.0999984741211,300,0,0.0
2019-04-23,100.80000305175781,101.5,71.4000015258789,95.9000015258789,300,0,0.0
2019-04-24,95.9000015258789,95.9000015258789,77.69999694824219,88.19999694824219,800,0,0.0
2019-04-25,84.0,84.69999694824219,79.0999984741211,81.19999694824219,400,0,0.0
2019-04-26,79.0999984741211,84.0,79.0999984741211,81.19999694824219,100,0,0.0
2019-04-29,84.0,112.0,84.0,91.69999694824219,300,0,0.0
2019-04-30,94.5,108.5,84.0,96.5999984741211,600,0,0.0
2019-05-01,105.0,105.0,94.5,98.0,100,0,0.0
2019-05-02,98.0,98.0,93.0999984741211,98.0,100,0,0.0
2019-05-03,98.0,98.0,84.0,95.9000015258789,200,0,0.0
2019-05-06,87.5,96.5999984741211,87.5,96.5999984741211,100,0,0.0
2019-05-07,96.5999984741211,96.5999984741211,91.0,95.9000015258789,100,0,0.0
2019-05-08,91.0,95.9000015258789,91.0,92.4000015258789,100,0,0.0
2019-05-09,88.19999694824219,94.5,84.0,91.0,100,0,0.0
2019-05-10,84.0,97.30000305175781,84.0,84.0,100,0,0.0
2019-05-13,98.69999694824219,98.69999694824219,84.0,84.0,200,0,0.0
2019-05-14,84.69999694824219,102.9000015258789,84.0,102.9000015258789,200,0,0.0
2019-05-15,102.9000015258789,102.9000015258789,85.4000015258789,91.0,100,0,0.0
2019-05-16,91.69999694824219,100.0999984741211,91.0,94.5,100,0,0.0
2019-05-17,100.80000305175781,100.80000305175781,91.69999694824219,98.69999694824219,200,0,0.0
2019-05-20,98.0,98.0,91.69999694824219,98.0,100,0,0.0
2019-05-21,98.0,98.0,85.4000015258789,91.69999694824219,200,0,0.0
2019-05-22,88.19999694824219,91.0,84.69999694824219,91.0,100,0,0.0
2019-05-23,85.4000015258789,91.0,84.69999694824219,89.5999984741211,100,0,0.0
2019-05-24,84.69999694824219,91.0,84.69999694824219,91.0,100,0,0.0
2019-05-28,84.69999694824219,89.5999984741211,84.69999694824219,87.5,0,0,0.0
2019-05-29,84.69999694824219,87.5,82.5999984741211,87.5,100,0,0.0
2019-05-30,84.0,87.5,83.30000305175781,84.0,100,0,0.0
2019-05-31,84.69999694824219,86.80000305175781,83.30000305175781,84.69999694824219,100,0,0.0
2019-06-03,83.30000305175781,91.0,83.30000305175781,87.5,0,0,0.0
2019-06-04,88.19999694824219,91.0,88.19999694824219,89.5999984741211,0,0,0.0
2019-06-05,91.0,91.0,80.5,91.0,100,0,0.0
2019-06-06,84.0,91.0,84.0,91.0,0,0,0.0
2019-06-07,84.0,90.30000305175781,79.80000305175781,84.0,100,0,0.0
2019-06-10,74.19999694824219,84.0,74.19999694824219,77.0,0,0,0.0
2019-06-11,77.0,77.0,70.0,70.0,100,0,0.0
2019-06-12,73.5,77.0,70.0,72.0999984741211,100,0,0.0
2019-06-13,72.80000305175781,77.0,70.0,72.0999984741211,100,0,0.0
2019-06-14,72.0999984741211,101.5,72.0999984741211,86.80000305175781,200,0,0.0
2019-06-17,96.5999984741211,101.5,70.0,81.19999694824219,100,0,0.0
2019-06-18,81.19999694824219,95.19999694824219,70.0,77.69999694824219,200,0,0.0
2019-06-19,80.5,89.5999984741211,80.5,80.5,200,0,0.0
2019-06-20,87.5,87.5,80.5,84.0,100,0,0.0
2019-06-21,89.5999984741211,89.5999984741211,79.0999984741211,79.0999984741211,200,0,0.0
2019-06-24,80.5,89.5999984741211,80.5,84.0,100,0,0.0
2019-06-25,84.0,86.0999984741211,81.19999694824219,84.0,100,0,0.0
2019-06-26,86.80008697509766,86.80008697509766,80.50008392333984,82.60008239746094,66700,0,0.0
2019-06-27,80.50008392333984,86.10008239746094,77.70008087158203,84.00008392333984,121800,0,0.0
2019-06-28,84.00008392333984,86.10008239746094,80.50008392333984,84.00008392333984,34600,0,0.0
2019-07-01,77.00007629394531,86.10008239746094,77.00007629394531,77.00007629394531,36600,0,0.0
2019-07-02,86.10008239746094,86.10008239746094,81.20008087158203,84.70008850097656,26500,0,0.0
2019-07-03,84.00008392333984,84.70008850097656,84.00008392333984,84.70008850097656,16200,0,0.0
2019-07-05,84.70008850097656,84.70008850097656,84.00008392333984,84.70008850097656,15000,0,0.0
2019-07-08,84.00008392333984,84.70008850097656,76.30007934570312,80.50008392333984,117800,0,0.0
2019-07-09,87.50008392333984,87.50008392333984,76.30007934570312,80.50008392333984,21100,0,0.0
2019-07-10,77.00007629394531,87.50008392333984,71.40007019042969,80.50008392333984,49200,0,0.0
2019-07-11,83.30008697509766,83.30008697509766,56.000057220458984,63.000064849853516,399900,0,0.0
2019-07-12,63.000064849853516,77.00007629394531,56.000057220458984,58.8000602722168,422700,0,0.0
2019-07-15,56.000057220458984,63.000064849853516,49.700050354003906,56.000057220458984,153500,0,0.0
2019-07-16,56.000057220458984,57.40005874633789,53.900054931640625,56.000057220458984,170600,0,0.0
2019-07-17,61.60006332397461,61.60006332397461,50.40005111694336,56.000057220458984,194200,0,0.0
2019-07-18,59.50006103515625,59.50006103515625,49.700050354003906,49.700050354003906,128900,0,0.0
2019-07-19,56.000057220458984,62.30006408691406,49.700050354003906,53.900054931640625,215900,0,0.0
2019-07-22,60.900062561035156,60.900062561035156,50.40005111694336,56.000057220458984,257000,0,0.0
2019-07-23,54.60005569458008,55.30005645751953,49.00004959106445,49.700050354003906,193300,0,0.0
2019-07-24,50.40005111694336,54.60005569458008,50.40005111694336,51.800052642822266,23100,0,0.0
2019-07-25,49.700050354003906,52.50005340576172,49.700050354003906,52.50005340576172,30700,0,0.0
2019-07-26,49.00004959106445,52.50005340576172,42.00004196166992,52.50005340576172,389600,0,0.0
2019-07-29,49.00004959106445,50.40005111694336,47.60004806518555,50.40005111694336,49700,0,0.0
2019-07-30,52.50005340576172,52.50005340576172,49.700050354003906,50.40005111694336,24400,0,0.0
2019-07-31,52.50005340576172,52.50005340576172,43.40004348754883,51.10005187988281,160500,0,0.0
2019-08-01,51.800052642822266,51.800052642822266,42.00004196166992,51.800052642822266,89300,0,0.0
2019-08-02,51.800052642822266,51.800052642822266,47.60004806518555,51.800052642822266,178900,0,0.0
2019-08-05,49.00004959106445,56.000057220458984,49.00004959106445,49.00004959106445,68600,0,0.0
2019-08-06,70.00006866455078,70.00006866455078,52.50005340576172,56.000057220458984,50500,0,0.0
2019-08-07,56.000057220458984,66.50006866455078,52.50005340576172,56.000057220458984,35800,0,0.0
2019-08-08,59.50006103515625,77.00007629394531,54.60005569458008,70.00006866455078,551300,0,0.0
2019-08-09,73.50007629394531,77.00007629394531,70.00006866455078,77.00007629394531,109600,0,0.0
2019-08-12,77.00007629394531,77.00007629394531,63.000064849853516,72.8000717163086,79900,0,0.0
2019-08-13,77.00007629394531,77.00007629394531,63.7000617980957,71.40007019042969,40400,0,0.0
2019-08-14,72.8000717163086,72.8000717163086,67.20006561279297,72.8000717163086,21000,0,0.0
2019-08-15,72.8000717163086,73.50007629394531,63.7000617980957,70.00006866455078,45700,0,0.0
2019-08-16,73.50007629394531,77.00007629394531,59.50006103515625,68.60006713867188,181300,0,0.0
2019-08-19,65.10006713867188,70.00006866455078,63.000064849853516,66.50006866455078,34900,0,0.0
2019-08-20,70.00006866455078,95.90009307861328,66.50006866455078,87.50008392333984,809100,0,0.0
2019-08-21,85.40008544921875,86.80008697509766,70.00006866455078,85.40008544921875,145700,0,0.0
2019-08-22,77.00007629394531,84.00008392333984,67.20006561279297,82.60008239746094,182700,0,0.0
2019-08-23,79.10008239746094,81.20008087158203,70.7000732421875,77.00007629394531,89500,0,0.0
2019-08-26,77.00007629394531,77.00007629394531,72.1000747680664,74.90007781982422,45800,0,0.0
2019-08-27,77.00007629394531,79.80007934570312,66.50006866455078,79.80007934570312,158800,0,0.0
2019-08-28,79.80007934570312,80.50008392333984,70.00006866455078,80.50008392333984,84600,0,0.0
2019-08-29,80.50008392333984,82.60008239746094,73.50007629394531,80.50008392333984,130800,0,0.0
2019-08-30,77.00007629394531,84.00008392333984,77.00007629394531,84.00008392333984,130200,0,0.0
2019-09-03,84.00008392333984,84.00008392333984,70.7000732421875,84.00008392333984,57500,0,0.0
2019-09-04,79.80007934570312,84.00008392333984,77.00007629394531,77.70008087158203,40100,0,0.0
2019-09-05,70.7000732421875,84.00008392333984,70.7000732421875,84.00008392333984,43400,0,0.0
2019-09-06,70.7000732421875,80.50008392333984,70.00006866455078,70.7000732421875,257800,0,0.0
2019-09-09,70.00006866455078,77.00007629394531,63.000064849853516,77.00007629394531,232500,0,0.0
2019-09-10,70.7000732421875,77.00007629394531,70.00006866455078,77.00007629394531,14300,0,0.0
2019-09-11,77.00007629394531,77.00007629394531,63.7000617980957,75.6000747680664,159100,0,0.0
2019-09-12,75.6000747680664,75.6000747680664,75.6000747680664,75.6000747680664,3100,0,0.0
2019-09-13,75.6000747680664,75.6000747680664,63.7000617980957,74.90007781982422,14100,0,0.0
2019-09-16,63.7000617980957,77.00007629394531,63.7000617980957,77.00007629394531,84100,0,0.0
2019-09-17,63.7000617980957,77.00007629394531,63.7000617980957,71.40007019042969,47100,0,0.0
2019-09-18,66.50006866455078,77.00007629394531,63.7000617980957,77.00007629394531,29000,0,0.0
2019-09-19,76.30007934570312,77.00007629394531,69.3000717163086,69.3000717163086,19700,0,0.0
2019-09-20,74.90007781982422,74.90007781982422,63.7000617980957,74.2000732421875,46200,0,0.0
2019-09-23,70.00006866455078,74.2000732421875,70.00006866455078,73.50007629394531,17800,0,0.0
2019-09-24,71.40007019042969,75.6000747680664,64.40006256103516,75.6000747680664,47400,0,0.0
2019-09-25,75.6000747680664,75.6000747680664,75.6000747680664,75.6000747680664,100,0,0.0
2019-09-26,64.40006256103516,70.7000732421875,64.40006256103516,70.00006866455078,113900,0,0.0
2019-09-27,67.20006561279297,77.00007629394531,67.20006561279297,77.00007629394531,33500,0,0.0
2019-09-30,63.7000617980957,75.6000747680664,63.7000617980957,70.00006866455078,67300,0,0.0
2019-10-01,63.7000617980957,77.00007629394531,63.7000617980957,77.00007629394531,27200,0,0.0
2019-10-02,63.7000617980957,77.00007629394531,63.7000617980957,77.00007629394531,54200,0,0.0
2019-10-03,77.00007629394531,77.00007629394531,63.7000617980957,67.20006561279297,29000,0,0.0
2019-10-04,70.00006866455078,70.00006866455078,67.20006561279297,67.20006561279297,60900,0,0.0
2019-10-07,70.00006866455078,70.00006866455078,60.2000617980957,70.00006866455078,68200,0,0.0
2019-10-08,70.00006866455078,70.00006866455078,63.7000617980957,70.00006866455078,7800,0,0.0
2019-10-09,65.10006713867188,70.00006866455078,63.000064849853516,70.00006866455078,83300,0,0.0
2019-10-10,70.00006866455078,77.00007629394531,70.00006866455078,73.50007629394531,27000,0,0.0
2019-10-11,77.00007629394531,77.00007629394531,56.000057220458984,63.7000617980957,370100,0,0.0
2019-10-14,63.7000617980957,64.40006256103516,63.7000617980957,63.7000617980957,17300,0,0.0
2019-10-15,63.000064849853516,69.3000717163086,63.000064849853516,67.20006561279297,7500,0,0.0
2019-10-16,67.20006561279297,70.7000732421875,66.50006866455078,70.7000732421875,15500,0,0.0
2019-10-17,70.7000732421875,70.7000732421875,70.00006866455078,70.00006866455078,6000,0,0.0
2019-10-18,70.00006866455078,70.00006866455078,47.60004806518555,66.50006866455078,87600,0,0.0
2019-10-21,70.00006866455078,70.00006866455078,56.000057220458984,62.30006408691406,101600,0,0.0
2019-10-22,61.60006332397461,61.60006332397461,39.90003967285156,59.50006103515625,165800,0,0.01
2019-10-23,63.000064849853516,63.000064849853516,49.00004959106445,55.30005645751953,72800,0,0.0
2019-10-24,49.700050354003906,62.30006408691406,49.700050354003906,56.000057220458984,28800,0,0.0
2019-10-25,49.700050354003906,60.2000617980957,49.00004959106445,56.000057220458984,210900,0,0.0
2019-10-28,49.00004959106445,62.30006408691406,49.00004959106445,51.800052642822266,24200,0,0.0
2019-10-29,51.800052642822266,56.000057220458984,51.800052642822266,56.000057220458984,26700,0,0.0
2019-10-30,53.20005416870117,61.60006332397461,46.900047302246094,59.50006103515625,38600,0,0.0
2019-10-31,39.90003967285156,61.60006332397461,39.90003967285156,61.60006332397461,26200,0,0.0
2019-11-01,61.60006332397461,61.60006332397461,49.00004959106445,61.60006332397461,72400,0,0.0
2019-11-04,49.00004959106445,59.50006103515625,49.00004959106445,59.50006103515625,20000,0,0.0
2019-11-05,54.60005569458008,57.40005874633789,49.00004959106445,57.40005874633789,33000,0,0.0
2019-11-06,49.00004959106445,56.000057220458984,49.00004959106445,56.000057220458984,50100,0,0.0
2019-11-07,53.20005416870117,59.50006103515625,53.20005416870117,59.50006103515625,40700,0,0.0
2019-11-08,53.20005416870117,53.20005416870117,27.30002784729004,34.30003356933594,3736900,0,0.0
2019-11-11,34.30003356933594,35.00003433227539,31.500032424926758,33.600032806396484,299900,0,0.0
2019-11-12,33.600032806396484,33.600032806396484,28.700029373168945,31.500032424926758,301400,0,0.0
2019-11-13,31.500032424926758,33.600032806396484,30.800031661987305,32.20003128051758,177400,0,0.0
2019-11-14,35.00003433227539,35.00003433227539,31.500032424926758,32.20003128051758,330900,0,0.0
2019-11-15,30.800031661987305,32.90003204345703,30.10003089904785,30.800031661987305,182100,0,0.0
2019-11-18,30.10003089904785,31.500032424926758,30.10003089904785,30.800031661987305,42900,0,0.0
2019-11-19,30.800031661987305,30.800031661987305,29.4000301361084,30.800031661987305,178800,0,0.0
2019-11-20,29.4000301361084,35.00003433227539,29.4000301361084,32.20003128051758,259700,0,0.0
2019-11-21,32.90003204345703,33.600032806396484,29.4000301361084,31.500032424926758,179300,0,0.0
2019-11-22,30.800031661987305,31.500032424926758,28.000028610229492,30.800031661987305,190600,0,0.0
2019-11-25,29.4000301361084,30.10003089904785,28.000028610229492,28.000028610229492,470600,0,0.0
2019-11-26,30.10003089904785,30.10003089904785,28.000028610229492,28.000028610229492,1100300,0,0.0
2019-11-27,25.900026321411133,28.700029373168945,25.900026321411133,26.600027084350586,415700,0,0.0
2019-11-29,28.000028610229492,28.000028610229492,25.900026321411133,28.000028610229492,572700,0,0.0
2019-12-02,30.10003089904785,30.10003089904785,24.500024795532227,26.600027084350586,465500,0,0.0
2019-12-03,28.000028610229492,28.000028610229492,26.600027084350586,26.600027084350586,269400,0,0.0
2019-12-04,30.10003089904785,34.30003356933594,26.600027084350586,32.20003128051758,1016700,0,0.0
2019-12-05,32.90003204345703,32.90003204345703,28.000028610229492,30.10003089904785,712400,0,0.0
2019-12-06,30.10003089904785,31.500032424926758,28.000028610229492,29.4000301361084,142900,0,0.0
2019-12-09,29.4000301361084,30.800031661987305,28.700029373168945,29.4000301361084,13100,0,0.0
2019-12-10,29.4000301361084,31.500032424926758,29.4000301361084,29.4000301361084,391500,0,0.0
2019-12-11,28.000028610229492,32.90003204345703,28.000028610229492,28.700029373168945,259400,0,0.0
2019-12-12,28.700029373168945,29.4000301361084,28.000028610229492,28.000028610229492,664800,0,0.0
2019-12-13,28.000028610229492,28.000028610229492,25.900026321411133,27.30002784729004,447200,0,0.0
2019-12-16,25.900026321411133,30.10003089904785,25.900026321411133,28.000028610229492,468000,0,0.0
2019-12-17,28.000028610229492,35.00003433227539,27.30002784729004,31.500032424926758,1672300,0,0.0
2019-12-18,31.500032424926758,35.00003433227539,31.500032424926758,32.20003128051758,537800,0,0.0
2019-12-19,31.500032424926758,31.500032424926758,24.500024795532227,30.10003089904785,935900,0,0.0
2019-12-20,28.000028610229492,30.10003089904785,24.500024795532227,29.4000301361084,569200,0,0.0
2019-12-23,31.500032424926758,31.500032424926758,27.30002784729004,28.700029373168945,581300,0,0.0
2019-12-24,28.700000762939453,28.700000762939453,28.700000762939453,28.700000762939453,0,0,0.0014285714285714286
2019-12-26,28.700000762939453,28.700000762939453,28.700000762939453,28.700000762939453,0,0,0.0
2019-12-27,24.0,24.25,23.75,24.0,1000,0,0.0
2019-12-30,24.0,24.0,20.75,21.25,1800,0,0.0
2019-12-31,21.25,21.25,21.25,21.25,300,0,0.0
2020-01-02,20.25,20.25,20.0,20.0,1300,0,0.0
2020-01-03,20.0,20.0,20.0,20.0,0,0,0.0
2020-01-07,18.0,18.0,17.5,17.5,1000,0,0.0
2020-01-08,17.0,17.899999618530273,17.0,17.0,900,0,0.0
2020-01-09,17.0,17.0,17.0,17.0,200,0,0.0
2020-01-10,17.0,17.0,17.0,17.0,0,0,0.0
2020-01-13,16.850000381469727,16.850000381469727,16.5,16.5,900,0,0.0
2020-01-14,16.5,16.5,16.5,16.5,0,0,0.0
2020-01-15,16.0,16.0,15.0,15.0,500,0,0.0
2020-01-16,14.0,14.0,13.5,13.899999618530273,1000,0,0.0
2020-01-17,13.550000190734863,13.550000190734863,12.0,12.0,1400,0,0.0
2020-01-21,10.850000381469727,10.850000381469727,9.100000381469727,9.100000381469727,2300,0,0.0
2020-01-22,9.149999618530273,9.5,9.0,9.0,1100,0,0.0
2020-01-23,9.0,9.0,9.0,9.0,0,0,0.0
2020-01-30,13.399999618530273,13.630000114440918,9.0,13.0,3000,0,0.0
2020-01-31,13.0,13.0,13.0,13.0,0,0,0.0
2020-02-03,13.0,13.0,13.0,13.0,200,0,0.0
2020-02-05,9.0600004196167,9.300000190734863,8.300000190734863,8.300000190734863,3000,0,0.0
2020-02-06,8.300000190734863,10.25,8.300000190734863,10.25,1000,0,0.0
2020-02-07,10.25,10.25,10.25,10.25,0,0,0.0
2020-02-10,11.489999771118164,12.800000190734863,11.489999771118164,12.5,3100,0,0.0
2020-02-11,11.0,12.800000190734863,9.039999961853027,9.039999961853027,1600,0,0.0
2020-02-12,9.600000381469727,9.609999656677246,9.550000190734863,9.550000190734863,700,0,0.0
2020-02-13,12.789999961853027,12.789999961853027,11.949999809265137,12.0,600,0,0.0
2020-02-14,12.0,12.0,12.0,12.0,0,0,0.0
2020-02-27,11.010000228881836,11.010000228881836,11.010000228881836,11.010000228881836,200,0,0.0
2020-02-28,11.010000228881836,11.010000228881836,11.010000228881836,11.010000228881836,0,0,0.0
2020-03-03,9.239999771118164,11.0,9.239999771118164,11.0,700,0,0.0
2020-03-04,11.0,11.0,11.0,11.0,0,0,0.0
2020-03-06,11.0,11.0,11.0,11.0,200,0,0.0
2020-03-09,9.300000190734863,10.0,9.300000190734863,10.0,500,0,0.0
2020-03-10,9.220000267028809,9.220000267028809,9.220000267028809,9.220000267028809,500,0,0.0
2020-03-11,9.350000381469727,9.350000381469727,9.199999809265137,9.199999809265137,400,0,0.0
2020-03-12,9.199999809265137,9.199999809265137,9.199999809265137,9.199999809265137,0,0,0.0
2020-03-13,9.100000381469727,9.100000381469727,9.100000381469727,9.100000381469727,400,0,0.0
2020-03-16,9.100000381469727,9.100000381469727,9.100000381469727,9.100000381469727,1200,0,0.0
2020-03-18,9.100000381469727,9.100000381469727,5.150000095367432,8.5,2500,0,0.0
2020-03-19,8.5,8.5,8.5,8.5,0,0,0.0
2020-03-20,8.350000381469727,8.899999618530273,8.0,8.350000381469727,1100,0,0.0
2020-03-23,8.350000381469727,8.350000381469727,8.350000381469727,8.350000381469727,0,0,0.0
2020-03-27,9.5,9.5,9.5,9.5,300,0,0.0
2020-03-30,9.5,9.5,9.5,9.5,0,0,0.0
2020-03-31,10.5,10.699999809265137,10.0,10.0,1600,0,0.0
2020-04-01,10.0,10.0,10.0,10.0,0,0,0.0
2020-04-02,10.5,10.5,10.5,10.5,300,0,0.0
2020-04-03,11.510000228881836,12.0,11.510000228881836,12.0,1500,0,0.0
2020-04-06,12.1899995803833,12.1899995803833,12.1899995803833,12.1899995803833,400,0,0.0
2020-04-07,12.1899995803833,12.1899995803833,12.1899995803833,12.1899995803833,0,0,0.0
2020-04-13,13.0,13.0,13.0,13.0,400,0,0.0
2020-04-28,12.75,12.75,12.75,12.75,300,0,0.0
2020-04-29,12.75,12.75,12.75,12.75,0,0,0.0
2020-05-01,6.25,7.900000095367432,6.059999942779541,7.659999847412109,617000,0,0.0
2020-05-04,7.659999847412109,7.699999809265137,7.261000156402588,7.5,82200,0,0.0
2020-05-05,7.550000190734863,8.34000015258789,7.550000190734863,7.949999809265137,246600,0,0.0
2020-05-06,8.25,8.25,7.800000190734863,8.25,186300,0,0.0
2020-05-07,8.199999809265137,8.25,8.0,8.069999694824219,52700,0,0.0
2020-05-08,8.010000228881836,8.399999618530273,8.0,8.0,49600,0,0.0
2020-05-11,8.0,8.175000190734863,8.0,8.050000190734863,21700,0,0.0
2020-05-12,8.050000190734863,8.050000190734863,7.900000095367432,7.960000038146973,44000,0,0.0
2020-05-13,7.900000095367432,7.989999771118164,7.650000095367432,7.75,30500,0,0.0
2020-05-14,7.659999847412109,7.75,7.550000190734863,7.75,18200,0,0.0
2020-05-15,7.695000171661377,7.695000171661377,7.25,7.349999904632568,38700,0,0.0
2020-05-18,7.349999904632568,7.599999904632568,7.349999904632568,7.349999904632568,8900,0,0.0
2020-05-19,7.639999866485596,7.739999771118164,7.150000095367432,7.349999904632568,25200,0,0.0
2020-05-20,7.170000076293945,7.440000057220459,7.159999847412109,7.309999942779541,9500,0,0.0
2020-05-21,7.489999771118164,7.599999904632568,7.25,7.550000190734863,38300,0,0.0
2020-05-22,7.460000038146973,7.909999847412109,7.449999809265137,7.619999885559082,15400,0,0.0
2020-05-26,7.25,8.989999771118164,7.25,8.050000190734863,282200,0,0.0
2020-05-27,8.050000190734863,8.399999618530273,7.75,7.849999904632568,56100,0,0.0
2020-05-28,8.0,8.399999618530273,7.75,8.130000114440918,33700,0,0.0
2020-05-29,8.005000114440918,8.119999885559082,7.800000190734863,7.809999942779541,31200,0,0.0
2020-06-01,7.989999771118164,7.989999771118164,7.550000190734863,7.550000190734863,93100,0,0.0
2020-06-02,7.650000095367432,7.934999942779541,7.610000133514404,7.78000020980835,40600,0,0.0
2020-06-03,7.75,7.800000190734863,7.610000133514404,7.75,24800,0,0.0
2020-06-04,7.800000190734863,8.574999809265137,7.800000190734863,7.849999904632568,117900,0,0.0
2020-06-05,7.949999809265137,8.0,7.800000190734863,7.940000057220459,56700,0,0.0
2020-06-08,7.889999866485596,8.09000015258789,7.889999866485596,8.0,86000,0,0.0
2020-06-09,8.050000190734863,8.050000190734863,7.940000057220459,8.0,31200,0,0.0
2020-06-10,8.0,8.399999618530273,7.900000095367432,8.149999618530273,100100,0,0.0
2020-06-11,8.079999923706055,8.102999687194824,7.599999904632568,7.940000057220459,24200,0,0.0
2020-06-12,7.800000190734863,7.980000019073486,7.550000190734863,7.785999774932861,34900,0,0.0
2020-06-15,7.650000095367432,8.824999809265137,7.650000095367432,8.4399995803833,48300,0,0.0
2020-06-16,8.449999809265137,9.09000015258789,8.399999618530273,8.550000190734863,87900,0,0.0
2020-06-17,8.699999809265137,9.6899995803833,8.583000183105469,9.149999618530273,205500,0,0.0
2020-06-18,9.130000114440918,9.5,8.899999618530273,8.899999618530273,76000,0,0.0
2020-06-19,8.880000114440918,9.0,8.069999694824219,8.229999542236328,103100,0,0.0
2020-06-22,8.260000228881836,8.510000228881836,8.0,8.3100004196167,30900,0,0.0
2020-06-23,8.75,9.0,8.520000457763672,8.520000457763672,34500,0,0.0
2020-06-24,8.694999694824219,8.694999694824219,8.010000228881836,8.09000015258789,24300,0,0.0
2020-06-25,8.010000228881836,8.8100004196167,8.010000228881836,8.710000038146973,30300,0,0.0
2020-06-26,8.899999618530273,8.989999771118164,8.430000305175781,8.524999618530273,57300,0,0.0
2020-06-29,8.5,9.5,8.5,9.3100004196167,202400,0,0.0
2020-06-30,9.380000114440918,10.369000434875488,9.380000114440918,10.25,278000,0,0.0
2020-07-01,10.079999923706055,10.239999771118164,9.329999923706055,9.710000038146973,60500,0,0.0
2020-07-02,9.640000343322754,10.048999786376953,9.550000190734863,9.869999885559082,70700,0,0.0
2020-07-06,10.0,10.0,9.475000381469727,9.489999771118164,32400,0,0.0
2020-07-07,9.380000114440918,9.720000267028809,9.260000228881836,9.5,27100,0,0.0
2020-07-08,9.630000114440918,9.630000114440918,9.260000228881836,9.260000228881836,10100,0,0.0
2020-07-09,9.270000457763672,9.300000190734863,8.880000114440918,8.880000114440918,40300,0,0.0
2020-07-10,8.930000305175781,9.079999923706055,8.75,8.949999809265137,33100,0,0.0
2020-07-13,9.300000190734863,9.489999771118164,9.0600004196167,9.079999923706055,27200,0,0.0
2020-07-14,9.324999809265137,9.324999809265137,8.600000381469727,8.800000190734863,36300,0,0.0
2020-07-15,8.819999694824219,9.779999732971191,8.600000381469727,9.149999618530273,66800,0,0.0
2020-07-16,9.0,9.399999618530273,8.979999542236328,9.239999771118164,21800,0,0.0
2020-07-17,9.25,10.949999809265137,9.25,10.779999732971191,104100,0,0.0
2020-07-20,10.979999542236328,11.9399995803833,10.569999694824219,11.680000305175781,149700,0,0.0
2020-07-21,11.680000305175781,12.140000343322754,11.630000114440918,12.140000343322754,93500,0,0.0
2020-07-22,12.199999809265137,12.312999725341797,10.3100004196167,11.0,113200,0,0.0
2020-07-23,10.760000228881836,12.300000190734863,10.520000457763672,11.819999694824219,66200,0,0.0
2020-07-24,11.649999618530273,11.739999771118164,10.65999984741211,11.6899995803833,43700,0,0.0
2020-07-27,11.600000381469727,12.630000114440918,11.600000381469727,12.350000381469727,77700,0,0.0
2020-07-28,12.350000381469727,12.380000114440918,11.600000381469727,12.09000015258789,65600,0,0.0
2020-07-29,11.960000038146973,12.760000228881836,11.960000038146973,12.720000267028809,117600,0,0.0
2020-07-30,12.510000228881836,12.899999618530273,11.699999809265137,12.539999961853027,80600,0,0.0
2020-07-31,12.329999923706055,12.329999923706055,11.6899995803833,11.84000015258789,62300,0,0.0
2020-08-03,11.770000457763672,12.75,11.75,12.430000305175781,68100,0,0.0
2020-08-04,12.239999771118164,12.600000381469727,12.239999771118164,12.600000381469727,11500,0,0.0
2020-08-05,12.699999809265137,12.850000381469727,12.260000228881836,12.699999809265137,24800,0,0.0
2020-08-06,12.550000190734863,12.789999961853027,12.300000190734863,12.789999961853027,31200,0,0.0
2020-08-07,12.569999694824219,12.760000228881836,12.510000228881836,12.579999923706055,29600,0,0.0
2020-08-10,12.600000381469727,12.739999771118164,12.3100004196167,12.649999618530273,28400,0,0.0
2020-08-11,12.609999656677246,13.081999778747559,12.609999656677246,12.84000015258789,72400,0,0.0
2020-08-12,12.84000015258789,12.949999809265137,12.420000076293945,12.760000228881836,41800,0,0.0
2020-08-13,12.649999618530273,12.6899995803833,12.15999984741211,12.399999618530273,36500,0,0.0
2020-08-14,12.460000038146973,12.770000457763672,11.6899995803833,12.430000305175781,81600,0,0.0
2020-08-17,12.359999656677246,12.359999656677246,11.710000038146973,12.149999618530273,39500,0,0.0
2020-08-18,12.0,12.704999923706055,11.930000305175781,12.170000076293945,61600,0,0.0
2020-08-19,12.0,12.25,11.869999885559082,12.010000228881836,35300,0,0.0
2020-08-20,11.90999984741211,11.979999542236328,11.510000228881836,11.569999694824219,56600,0,0.0
2020-08-21,11.600000381469727,11.800000190734863,11.600000381469727,11.770000457763672,32200,0,0.0
2020-08-24,11.84000015258789,12.119999885559082,11.619999885559082,11.829999923706055,39000,0,0.0
2020-08-25,11.75,11.902000427246094,11.40999984741211,11.680000305175781,40000,0,0.0
2020-08-26,11.5,11.90999984741211,11.470000267028809,11.90999984741211,20600,0,0.0
2020-08-27,11.789999961853027,11.789999961853027,11.3100004196167,11.359999656677246,44700,0,0.0
2020-08-28,11.399999618530273,11.90999984741211,11.399999618530273,11.520000457763672,20200,0,0.0
2020-08-31,11.520000457763672,12.210000038146973,11.25,11.899999618530273,36000,0,0.0
2020-09-01,11.899999618530273,12.720000267028809,11.359999656677246,12.460000038146973,87100,0,0.0
2020-09-02,12.359999656677246,12.359999656677246,11.579999923706055,11.920000076293945,20600,0,0.0
2020-09-03,11.779999732971191,11.779999732971191,11.0,11.029999732971191,40600,0,0.0
2020-09-04,11.140000343322754,11.217000007629395,10.300000190734863,10.449999809265137,34400,0,0.0
2020-09-08,10.607000350952148,10.90999984741211,10.380000114440918,10.59000015258789,20200,0,0.0
2020-09-09,10.65999984741211,11.039999961853027,10.329999923706055,11.010000228881836,36800,0,0.0
2020-09-10,11.053000450134277,11.3100004196167,10.960000038146973,11.3100004196167,10900,0,0.0
2020-09-11,11.289999961853027,11.680000305175781,11.258000373840332,11.569999694824219,31500,0,0.0
2020-09-14,11.107999801635742,11.107999801635742,10.760000228881836,10.760000228881836,10600,0,0.0
2020-09-15,10.859999656677246,10.989999771118164,10.729999542236328,10.859999656677246,5200,0,0.0
2020-09-16,10.9399995803833,11.09000015258789,10.899999618530273,10.899999618530273,16100,0,0.0
2020-09-17,10.949999809265137,11.0,10.760000228881836,10.760000228881836,12800,0,0.0
2020-09-18,10.949999809265137,11.350000381469727,10.829999923706055,10.829999923706055,23200,0,0.0
2020-09-21,10.819999694824219,11.234999656677246,9.725000381469727,10.0,115600,0,0.0
2020-09-22,10.050000190734863,10.84000015258789,9.90999984741211,10.0,16900,0,0.0
2020-09-23,10.234000205993652,10.399999618530273,9.25,9.359999656677246,60600,0,0.0
2020-09-24,9.470000267028809,9.680000305175781,8.949999809265137,9.319999694824219,57200,0,0.0
2020-09-25,9.210000038146973,9.979999542236328,9.210000038146973,9.850000381469727,20200,0,0.0
2020-09-28,9.829999923706055,11.239999771118164,9.800000190734863,10.770000457763672,59400,0,0.0
2020-09-29,10.970000267028809,11.199999809265137,10.819999694824219,11.180000305175781,24100,0,0.0
2020-09-30,11.199999809265137,11.670000076293945,11.100000381469727,11.609999656677246,34800,0,0.0
2020-10-01,11.850000381469727,12.15999984741211,11.569999694824219,11.670000076293945,55100,0,0.0
2020-10-02,11.531000137329102,12.199999809265137,11.531000137329102,11.630000114440918,60200,0,0.0
2020-10-05,11.899999618530273,12.0,11.569999694824219,11.859999656677246,25100,0,0.0
2020-10-06,11.890000343322754,11.899999618530273,11.0649995803833,11.170000076293945,25500,0,0.0
2020-10-07,11.336000442504883,11.579999923706055,10.890000343322754,11.149999618530273,21500,0,0.0
2020-10-08,11.050000190734863,11.569999694824219,11.0,11.569999694824219,9100,0,0.0
2020-10-09,11.59000015258789,12.039999961853027,11.59000015258789,11.729999542236328,47600,0,0.0
2020-10-12,11.859999656677246,11.859999656677246,11.40999984741211,11.40999984741211,17500,0,0.0
2020-10-13,11.539999961853027,11.850000381469727,11.539999961853027,11.729999542236328,40600,0,0.0
2020-10-14,11.899999618530273,12.239999771118164,11.770000457763672,11.979999542236328,25600,0,0.0
2020-10-15,11.800000190734863,12.010000228881836,11.420000076293945,11.550000190734863,55400,0,0.0
2020-10-16,11.770000457763672,11.822999954223633,11.350000381469727,11.479999542236328,40900,0,0.0
2020-10-19,11.470000267028809,11.789999961853027,11.25,11.359999656677246,29700,0,0.0
2020-10-20,11.479999542236328,11.699999809265137,11.260000228881836,11.270000457763672,64700,0,0.0
2020-10-21,11.399999618530273,11.569999694824219,11.399999618530273,11.460000038146973,9500,0,0.0
2020-10-22,11.423999786376953,11.550000190734863,11.354999542236328,11.5,23000,0,0.0
2020-10-23,11.470000267028809,11.619999885559082,11.100000381469727,11.390000343322754,34300,0,0.0
2020-10-26,11.3100004196167,11.510000228881836,10.710000038146973,10.75,44200,0,0.0
2020-10-27,10.760000228881836,11.010000228881836,10.760000228881836,10.779999732971191,4000,0,0.0
2020-10-28,10.75,10.800000190734863,10.600000381469727,10.670000076293945,9900,0,0.0
2020-10-29,10.635000228881836,11.100000381469727,10.510000228881836,10.550000190734863,27400,0,0.0
2020-10-30,10.788000106811523,11.039999961853027,10.430000305175781,10.710000038146973,24900,0,0.0
2020-11-02,10.699999809265137,11.600000381469727,10.430000305175781,11.100000381469727,44500,0,0.0
2020-11-03,11.239999771118164,11.550000190734863,11.239999771118164,11.550000190734863,7200,0,0.0
2020-11-04,11.5,11.6899995803833,11.100000381469727,11.25,12400,0,0.0
2020-11-05,11.550000190734863,11.729999542236328,11.100000381469727,11.449999809265137,37500,0,0.0
2020-11-06,11.5600004196167,11.807000160217285,11.40999984741211,11.550000190734863,10600,0,0.0
2020-11-09,11.640000343322754,11.800000190734863,11.3100004196167,11.800000190734863,38100,0,0.0
2020-11-10,11.640000343322754,11.789999961853027,11.413999557495117,11.510000228881836,32000,0,0.0
2020-11-11,11.239999771118164,11.59000015258789,11.010000228881836,11.510000228881836,25100,0,0.0
2020-11-12,11.479999542236328,11.739999771118164,11.0,11.579999923706055,28300,0,0.0
2020-11-13,11.649999618530273,12.079999923706055,11.369999885559082,11.75,104200,0,0.0
2020-11-16,11.850000381469727,12.100000381469727,11.5,11.920000076293945,33700,0,0.0
2020-11-17,11.899999618530273,12.75,11.800000190734863,12.300000190734863,85700,0,0.0
2020-11-18,12.300000190734863,12.75,12.300000190734863,12.680000305175781,33100,0,0.0
2020-11-19,12.5600004196167,12.949999809265137,12.550000190734863,12.850000381469727,42200,0,0.0
2020-11-20,12.979999542236328,14.989999771118164,12.770000457763672,14.989999771118164,131400,0,0.0
2020-11-23,15.25,16.520999908447266,14.15999984741211,16.139999389648438,101800,0,0.0
2020-11-24,16.0,17.29800033569336,15.76200008392334,17.15999984741211,138000,0,0.0
2020-11-25,17.950000762939453,19.81999969482422,16.350000381469727,16.8700008392334,444600,0,0.0
2020-11-27,16.780000686645508,17.479999542236328,16.549999237060547,16.860000610351562,76100,0,0.0
2020-11-30,17.0,17.464000701904297,16.59000015258789,16.760000228881836,106600,0,0.0
2020-12-01,16.8700008392334,17.0,15.770000457763672,15.850000381469727,247400,0,0.0
2020-12-02,15.949999809265137,16.899999618530273,15.100000381469727,15.989999771118164,178500,0,0.0
2020-12-03,16.350000381469727,16.40999984741211,15.800000190734863,15.989999771118164,104400,0,0.0
2020-12-04,16.139999389648438,16.15999984741211,15.510000228881836,15.920000076293945,56400,0,0.0
2020-12-07,15.920000076293945,15.920000076293945,15.100000381469727,15.319999694824219,96700,0,0.0
2020-12-08,15.300000190734863,16.639999389648438,14.720000267028809,16.389999389648438,213900,0,0.0
2020-12-09,14.9399995803833,16.920000076293945,14.871000289916992,16.219999313354492,735300,0,0.0
2020-12-10,16.0,16.010000228881836,15.449999809265137,16.0,201600,0,0.0
2020-12-11,15.949999809265137,16.0,15.279999732971191,15.729999542236328,200600,0,0.0
2020-12-14,15.770000457763672,15.890000343322754,15.100000381469727,15.390000343322754,170900,0,0.0
2020-12-15,15.65999984741211,15.65999984741211,14.75,14.899999618530273,213300,0,0.0
2020-12-16,15.0,15.779999732971191,14.930000305175781,15.75,104100,0,0.0
2020-12-17,15.670000076293945,17.05299949645996,15.460000038146973,16.290000915527344,253600,0,0.0
2020-12-18,16.5,17.899999618530273,16.299999237060547,17.899999618530273,283800,0,0.0
2020-12-21,17.850000381469727,18.690000534057617,16.940000534057617,18.690000534057617,184100,0,0.0
2020-12-22,18.690000534057617,18.850000381469727,17.260000228881836,17.649999618530273,136500,0,0.0
2020-12-23,17.799999237060547,18.18000030517578,17.5,17.860000610351562,90200,0,0.0
2020-12-24,17.809999465942383,17.895999908447266,16.799999237060547,17.104999542236328,54700,0,0.0
2020-12-28,17.309999465942383,17.399999618530273,16.6299991607666,16.68000030517578,79100,0,0.0
2020-12-29,16.809999465942383,17.190000534057617,16.43000030517578,16.899999618530273,83700,0,0.0
2020-12-30,17.010000228881836,17.5,16.93000030517578,17.5,74400,0,0.0
2020-12-31,17.600000381469727,17.920000076293945,17.020000457763672,17.920000076293945,74100,0,0.0
2021-01-04,17.950000762939453,17.950000762939453,16.780000686645508,16.90999984741211,115700,0,0.0
2021-01-05,16.799999237060547,17.149999618530273,16.549999237060547,17.110000610351562,208100,0,0.0
2021-01-06,17.059999465942383,17.40999984741211,16.899999618530273,17.309999465942383,105100,0,0.0
2021-01-07,17.270000457763672,18.34000015258789,17.165000915527344,18.31999969482422,175700,0,0.0
2021-01-08,18.350000381469727,18.68000030517578,16.739999771118164,17.290000915527344,126400,0,0.0
2021-01-11,16.959999084472656,17.149999618530273,16.6200008392334,16.780000686645508,44500,0,0.0
2021-01-12,16.920000076293945,17.6200008392334,16.579999923706055,17.3700008392334,62700,0,0.0
2021-01-13,17.25,17.850000381469727,16.860000610351562,16.979999542236328,102200,0,0.0
2021-01-14,17.09000015258789,17.270000457763672,16.549999237060547,17.020000457763672,58100,0,0.0
2021-01-15,16.8799991607666,16.93000030517578,15.579999923706055,16.06999969482422,149800,0,0.0
2021-01-19,16.31999969482422,16.770000457763672,16.0,16.600000381469727,74300,0,0.0
2021-01-20,16.610000610351562,17.049999237060547,16.610000610351562,16.989999771118164,80100,0,0.0
2021-01-21,17.086999893188477,17.100000381469727,16.667999267578125,17.079999923706055,81200,0,0.0
2021-01-22,16.8799991607666,16.988000869750977,16.459999084472656,16.690000534057617,40900,0,0.0
2021-01-25,16.399999618530273,16.979999542236328,16.309999465942383,16.889999389648438,70200,0,0.0
2021-01-26,16.989999771118164,17.700000762939453,16.690000534057617,17.5,193100,0,0.0
2021-01-27,17.399999618530273,17.399999618530273,16.6200008392334,16.700000762939453,67000,0,0.0
2021-01-28,16.729999542236328,16.96500015258789,15.600000381469727,15.75,80200,0,0.0
2021-01-29,16.020000457763672,16.40999984741211,15.470000267028809,16.149999618530273,113700,0,0.0
2021-02-01,16.030000686645508,17.1299991607666,15.140000343322754,16.90999984741211,254300,0,0.0
2021-02-02,17.209999084472656,17.350000381469727,16.6299991607666,16.850000381469727,124800,0,0.0
2021-02-03,16.989999771118164,19.940000534057617,16.989999771118164,19.93000030517578,269600,0,0.0
2021-02-04,20.059999465942383,20.610000610351562,19.5,20.040000915527344,159400,0,0.0
2021-02-05,20.139999389648438,20.354000091552734,18.6299991607666,19.6200008392334,157000,0,0.0
2021-02-08,19.75,21.450000762939453,19.729999542236328,21.34000015258789,143100,0,0.0
2021-02-09,22.899999618530273,23.989999771118164,21.700000762939453,22.84000015258789,228700,0,0.0
2021-02-10,23.809999465942383,24.0,21.639999389648438,23.809999465942383,212600,0,0.0
2021-02-11,24.049999237060547,25.18000030517578,21.81999969482422,23.18000030517578,159600,0,0.0
2021-02-12,23.309999465942383,23.81999969482422,21.4950008392334,21.65999984741211,84200,0,0.0
2021-02-16,22.1200008392334,23.790000915527344,21.670000076293945,23.65999984741211,97100,0,0.0
2021-02-17,23.5,23.5,20.709999084472656,21.579999923706055,117800,0,0.0
2021-02-18,21.139999389648438,21.799999237060547,19.450000762939453,19.950000762939453,187200,0,0.0
2021-02-19,19.860000610351562,20.979999542236328,19.010000228881836,20.06999969482422,148900,0,0.0
2021-02-22,20.280000686645508,21.190000534057617,19.600000381469727,21.110000610351562,101300,0,0.0
2021-02-23,20.6200008392334,20.95599937438965,18.719999313354492,19.239999771118164,119800,0,0.0
2021-02-24,19.809999465942383,20.760000228881836,19.059999465942383,19.190000534057617,58400,0,0.0
2021-02-25,19.360000610351562,19.75,18.149999618530273,18.299999237060547,80000,0,0.0
2021-02-26,18.459999084472656,18.604999542236328,16.850000381469727,18.010000228881836,132000,0,0.0
2021-03-01,18.469999313354492,20.020000457763672,18.010000228881836,20.010000228881836,78700,0,0.0
2021-03-02,19.790000915527344,20.459999084472656,19.049999237060547,19.280000686645508,58700,0,0.0
2021-03-03,19.5,20.027000427246094,18.75,19.5,77800,0,0.0
2021-03-04,19.739999771118164,19.75,17.260000228881836,17.270000457763672,158200,0,0.0
2021-03-05,17.690000534057617,17.90999984741211,16.010000228881836,17.90999984741211,122900,0,0.0
2021-03-08,18.020000457763672,18.260000228881836,17.010000228881836,17.649999618530273,78300,0,0.0
2021-03-09,19.280000686645508,20.329999923706055,18.59000015258789,19.489999771118164,109300,0,0.0
2021-03-10,19.520000457763672,20.200000762939453,18.5,18.860000610351562,71500,0,0.0
2021-03-11,19.420000076293945,19.799999237060547,18.850000381469727,19.09000015258789,44300,0,0.0
2021-03-12,19.010000228881836,19.020000457763672,18.049999237060547,18.899999618530273,57300,0,0.0
2021-03-15,19.100000381469727,19.360000610351562,18.18000030517578,18.950000762939453,164300,0,0.0
2021-03-16,19.1299991607666,19.336000442504883,17.940000534057617,18.270000457763672,93600,0,0.0
2021-03-17,18.1299991607666,20.200000762939453,17.895999908447266,20.149999618530273,104500,0,0.0
2021-03-18,19.84000015258789,20.299999237060547,18.649999618530273,19.0,167400,0,0.0
2021-03-19,18.93000030517578,19.989999771118164,18.290000915527344,18.309999465942383,156600,0,0.0
2021-03-22,19.59000015258789,19.59000015258789,18.260000228881836,18.309999465942383,169800,0,0.0
2021-03-23,18.25,18.40999984741211,17.5,17.989999771118164,79800,0,0.0
2021-03-24,18.579999923706055,18.579999923706055,17.200000762939453,17.200000762939453,97300,0,0.0
2021-03-25,16.940000534057617,17.350000381469727,16.28499984741211,16.81999969482422,90600,0,0.0
2021-03-26,17.209999084472656,17.423999786376953,16.399999618530273,16.889999389648438,51300,0,0.0
2021-03-29,16.829999923706055,16.989999771118164,15.850000381469727,16.059999465942383,139900,0,0.0
2021-03-30,15.979999542236328,16.43000030517578,15.25,16.280000686645508,113900,0,0.0
2021-03-31,12.699999809265137,15.039999961853027,11.6850004196167,12.420000076293945,8280500,0,0.0
2021-04-01,12.420000076293945,13.640000343322754,12.210000038146973,12.25,675000,0,0.0
2021-04-05,13.1899995803833,15.1899995803833,12.229999542236328,15.100000381469727,1310300,0,0.0
2021-04-06,15.199999809265137,15.199999809265137,13.850000381469727,13.899999618530273,340100,0,0.0
2021-04-07,13.989999771118164,14.329999923706055,13.770000457763672,14.0,202400,0,0.0
2021-04-08,14.109999656677246,14.289999961853027,13.130000114440918,13.569999694824219,119700,0,0.0
2021-04-09,13.680000305175781,13.9399995803833,13.149999618530273,13.789999961853027,88600,0,0.0
2021-04-12,13.739999771118164,13.739999771118164,12.850000381469727,12.899999618530273,100200,0,0.0
2021-04-13,12.850000381469727,13.482999801635742,12.800000190734863,12.930000305175781,86900,0,0.0
2021-04-14,13.140000343322754,13.300000190734863,12.760000228881836,13.100000381469727,116000,0,0.0
2021-04-15,13.260000228881836,13.300000190734863,12.170000076293945,12.670000076293945,220800,0,0.0
2021-04-16,12.699999809265137,12.890000343322754,12.359999656677246,12.800000190734863,181700,0,0.0
2021-04-19,12.609999656677246,12.789999961853027,12.119999885559082,12.170000076293945,211000,0,0.0
2021-04-20,12.149999618530273,12.175000190734863,11.380000114440918,11.960000038146973,209300,0,0.0
2021-04-21,11.819999694824219,12.300000190734863,11.479999542236328,12.050000190734863,123400,0,0.0
2021-04-22,12.220000267028809,12.279999732971191,11.529999732971191,11.65999984741211,96800,0,0.0
2021-04-23,11.579999923706055,11.720000267028809,11.350000381469727,11.399999618530273,140900,0,0.0
2021-04-26,11.460000038146973,11.920000076293945,11.229999542236328,11.899999618530273,111800,0,0.0
2021-04-27,11.899999618530273,12.100000381469727,11.449999809265137,11.729999542236328,55600,0,0.0
2021-04-28,11.609999656677246,12.031999588012695,11.5,11.979999542236328,39600,0,0.0
2021-04-29,11.829999923706055,11.970000267028809,11.380000114440918,11.800000190734863,81300,0,0.0
2021-04-30,11.739999771118164,11.9399995803833,10.789999961853027,11.109999656677246,222200,0,0.0
2021-05-03,11.420000076293945,11.699999809265137,11.0,11.619999885559082,103700,0,0.0
2021-05-04,11.430000305175781,11.489999771118164,10.800000190734863,11.3100004196167,123900,0,0.0
2021-05-05,11.260000228881836,11.260000228881836,10.699999809265137,10.920000076293945,81200,0,0.0
2021-05-06,11.010000228881836,11.470000267028809,10.65999984741211,11.470000267028809,96400,0,0.0
2021-05-07,11.399999618530273,11.399999618530273,10.65999984741211,10.880000114440918,84500,0,0.0
2021-05-10,10.899999618530273,10.899999618530273,10.0,10.260000228881836,134600,0,0.0
2021-05-11,9.770000457763672,10.4399995803833,9.5,9.899999618530273,116400,0,0.0
2021-05-12,9.680000305175781,10.0,9.510000228881836,9.539999961853027,106000,0,0.0
2021-05-13,9.680000305175781,10.071999549865723,9.420000076293945,9.739999771118164,88500,0,0.0
2021-05-14,9.899999618530273,10.38599967956543,9.529999732971191,10.199999809265137,67200,0,0.0
2021-05-17,10.130000114440918,10.350000381469727,10.100000381469727,10.300000190734863,29100,0,0.0
2021-05-18,10.350000381469727,11.0,10.300000190734863,10.850000381469727,69600,0,0.0
2021-05-19,10.619999885559082,10.640000343322754,10.329999923706055,10.5,35100,0,0.0
2021-05-20,10.600000381469727,10.789999961853027,10.220000267028809,10.569999694824219,20400,0,0.0
2021-05-21,10.65999984741211,11.112000465393066,10.354999542236328,10.8100004196167,28100,0,0.0
2021-05-24,11.0,11.239999771118164,10.5600004196167,10.630000114440918,55000,0,0.0
2021-05-25,10.649999618530273,10.789999961853027,10.359999656677246,10.399999618530273,20800,0,0.0
2021-05-26,10.399999618530273,10.399999618530273,10.140000343322754,10.210000038146973,30100,0,0.0
2021-05-27,10.229999542236328,10.378000259399414,10.145999908447266,10.329999923706055,27100,0,0.0
2021-05-28,10.229999542236328,10.75,10.140000343322754,10.699999809265137,27900,0,0.0
2021-06-01,10.829999923706055,11.553000450134277,10.760000228881836,11.270000457763672,77500,0,0.0
2021-06-02,11.300000190734863,11.383999824523926,10.859999656677246,11.109999656677246,31700,0,0.0
2021-06-03,10.949999809265137,11.270000457763672,10.949999809265137,11.109999656677246,34900,0,0.0
2021-06-04,11.109999656677246,11.239999771118164,10.760000228881836,10.760000228881836,48500,0,0.0
2021-06-07,11.619999885559082,11.760000228881836,10.8100004196167,10.970000267028809,101400,0,0.0
2021-06-08,11.020000457763672,12.619999885559082,11.020000457763672,11.960000038146973,146600,0,0.0
2021-06-09,12.0,12.449999809265137,11.510000228881836,11.569999694824219,86600,0,0.0
2021-06-10,11.630000114440918,11.97700023651123,11.020000457763672,11.270000457763672,36800,0,0.0
2021-06-11,11.350000381469727,12.109999656677246,11.194999694824219,11.869999885559082,53100,0,0.0
2021-06-14,11.890000343322754,12.109999656677246,11.616999626159668,11.630000114440918,22400,0,0.0
2021-06-15,11.609999656677246,12.050000190734863,11.109999656677246,11.28499984741211,24200,0,0.0
2021-06-16,11.369999885559082,11.585000038146973,11.180000305175781,11.279999732971191,24000,0,0.0
2021-06-17,11.229999542236328,11.399999618530273,10.460000038146973,10.729999542236328,61300,0,0.0
2021-06-18,10.40999984741211,10.869999885559082,9.970000267028809,10.1899995803833,56600,0,0.0
2021-06-21,10.289999961853027,10.425999641418457,9.640000343322754,9.869999885559082,59500,0,0.0
2021-06-22,9.9399995803833,10.140000343322754,9.800000190734863,9.949999809265137,44700,0,0.0
2021-06-23,10.079999923706055,10.5600004196167,10.079999923706055,10.460000038146973,31100,0,0.0
2021-06-24,10.470000267028809,11.359999656677246,10.154000282287598,11.039999961853027,63600,0,0.0
2021-06-25,11.25,11.760000228881836,11.098999977111816,11.619999885559082,80500,0,0.0
2021-06-28,11.670000076293945,12.25,11.1850004196167,11.529999732971191,103900,0,0.0
2021-06-29,11.649999618530273,12.4399995803833,11.470000267028809,12.239999771118164,79800,0,0.0
2021-06-30,12.300000190734863,13.5,11.687000274658203,12.609999656677246,166900,0,0.0
2021-07-01,13.180000305175781,13.300000190734863,12.100000381469727,12.649999618530273,114000,0,0.0
2021-07-02,12.829999923706055,12.958999633789062,12.199999809265137,12.649999618530273,41200,0,0.0
2021-07-06,13.25,13.25,12.22700023651123,12.390000343322754,135600,0,0.0
2021-07-07,12.510000228881836,12.510000228881836,11.399999618530273,11.399999618530273,78700,0,0.0
2021-07-08,11.25,11.25,10.630000114440918,11.140000343322754,82700,0,0.0
2021-07-09,11.300000190734863,11.378999710083008,10.800000190734863,10.930000305175781,53700,0,0.0
2021-07-12,10.960000038146973,11.550000190734863,10.59000015258789,11.09000015258789,30300,0,0.0
2021-07-13,11.010000228881836,11.100000381469727,10.319999694824219,10.4399995803833,76100,0,0.0
2021-07-14,10.479999542236328,10.699999809265137,9.850000381469727,10.069999694824219,48500,0,0.0
2021-07-15,9.979999542236328,10.25,9.75,9.890000343322754,77300,0,0.0
2021-07-16,10.039999961853027,10.220000267028809,9.510000228881836,9.600000381469727,43900,0,0.0
2021-07-19,9.1899995803833,9.270000457763672,8.779999732971191,8.899999618530273,119100,0,0.0
2021-07-20,9.020000457763672,9.760000228881836,8.979999542236328,9.609999656677246,82700,0,0.0
2021-07-21,9.640000343322754,10.119999885559082,9.597000122070312,9.84000015258789,49200,0,0.0
2021-07-22,9.789999961853027,9.90999984741211,9.220000267028809,9.59000015258789,38500,0,0.0
2021-07-23,9.630000114440918,9.765000343322754,9.284000396728516,9.430000305175781,40200,0,0.0
2021-07-26,9.399999618530273,9.59000015258789,9.069999694824219,9.149999618530273,18700,0,0.0
2021-07-27,9.100000381469727,9.140000343322754,8.899999618530273,8.970000267028809,34900,0,0.0
2021-07-28,8.979999542236328,10.074999809265137,8.800000190734863,9.869999885559082,43500,0,0.0
2021-07-29,10.010000228881836,10.050000190734863,9.477999687194824,9.880000114440918,35700,0,0.0
2021-07-30,9.739999771118164,10.630000114440918,9.739999771118164,10.199999809265137,25800,0,0.0
2021-08-03,10.279999732971191,10.472999572753906,9.800000190734863,9.8100004196167,11000,0,0.0
2021-08-04,9.760000228881836,10.022000312805176,9.65999984741211,9.739999771118164,1140000,0,0.0
2021-08-05,9.880000114440918,10.237000465393066,9.579999923706055,10.15999984741211,2780000,0,0.0
2021-08-06,10.229999542236328,10.40999984741211,9.899999618530273,10.25,7100000,0,0.0
2021-08-09,10.25,10.76099967956543,10.190999984741211,10.59000015258789,7570000,0,0.0
2021-08-10,10.550000190734863,10.550000190734863,9.800000190734863,9.800000190734863,9180000,0,0.0
2021-08-11,9.8100004196167,9.880000114440918,9.199999809265137,9.34000015258789,11510000,0,0.0
2021-08-12,9.40999984741211,9.838000297546387,9.149999618530273,9.350000381469727,4490000,0,0.0
2021-08-13,9.369999885559082,9.859999656677246,9.15999984741211,9.15999984741211,2210000,0,0.0
2021-08-16,9.149999618530273,9.180000305175781,8.600000381469727,8.739999771118164,5590000,0,0.0
2021-08-17,8.609999656677246,8.939000129699707,8.279999732971191,8.4399995803833,3470000,0,0.0
2021-08-18,8.319999694824219,8.899999618530273,8.319999694824219,8.770000457763672,2990000,0,0.0
