Date,Open,High,Low,Close,Volume,Dividends,Stock Splits
2004-08-02,2173499998208.0,2235869954048.0,2145150042112.0,2148930027520.0,0,0.0,0.0
2004-08-03,2169720012800.0,2179170041856.0,2126249984000.0,2154599940096.0,0,0.0,0.0
2004-08-04,2154599940096.0,2154599940096.0,2107350056960.0,2133809954816.0,0,0.0,0.0
2004-08-05,2135700013056.0,2135700013056.0,2003399999488.0,2075219984384.0,0,0.0,0.0
2004-08-06,2060100042752.0,2061989969920.0,2003399999488.0,2060100042752.0,0,0.0,0.0
2004-08-09,2060100042752.0,2067660013568.0,2041199984640.0,2041199984640.0,0,0.0,0.0
2004-08-10,2060100042752.0,2118690013184.0,2060100042752.0,2099789955072.0,0,0.0,0.0
2004-08-11,2088449998848.0,2116799954944.0,2088449998848.0,2113019969536.0,0,0.0,0.0
2004-08-12,2113019969536.0,2113019969536.0,2012850028544.0,2069549940736.0,0,0.0,0.0
2004-08-13,2088449998848.0,2088449998848.0,2071439998976.0,2077110042624.0,0,0.0,0.0
2004-08-16,2078999969792.0,2078999969792.0,2058209984512.0,2077110042624.0,0,0.0,0.0
2004-08-17,2022300057600.0,2126249984000.0,2022300057600.0,2088449998848.0,0,0.0,0.0
2004-08-18,2086559940608.0,2107350056960.0,2086559940608.0,2086559940608.0,0,0.0,0.0
2004-08-19,2084670013440.0,2086559940608.0,2073330057216.0,2078999969792.0,0,0.0,0.0
2004-08-20,2084670013440.0,2084670013440.0,2063880028160.0,2071439998976.0,0,0.0,0.0
2004-08-23,2060100042752.0,2073330057216.0,1986389999616.0,2048759955456.0,0,0.0,0.0
2004-08-24,2126249984000.0,2126249984000.0,1997729955840.0,2060100042752.0,0,0.0,0.0
2004-08-25,2097900027904.0,2097900027904.0,2022300057600.0,2060100042752.0,0,0.0,0.0
2004-08-26,2060100042752.0,2218859954176.0,2060100042752.0,2065769955328.0,0,0.0,0.0
2004-08-27,2092229984256.0,2135700013056.0,2050650013696.0,2052539940864.0,0,0.0,0.0
2004-08-30,2126249984000.0,2126249984000.0,2061989969920.0,2073330057216.0,0,0.0,0.0
2004-08-31,2360610127872.0,2504250097664.0,2164049969152.0,2215080099840.0,0,0.0,0.0
2004-09-01,2194289983488.0,2262329982976.0,2135700013056.0,2135700013056.0,0,0.0,0.0
2004-09-02,2192400056320.0,2220750012416.0,2099789955072.0,2147039969280.0,0,0.0,0.0
2004-09-03,2175390056448.0,2175390056448.0,2097900027904.0,2126249984000.0,0,0.0,0.0
2004-09-07,2126249984000.0,2175390056448.0,2071439998976.0,2169720012800.0,0,0.0,0.0
2004-09-08,2173499998208.0,2192400056320.0,2145150042112.0,2145150042112.0,0,0.0,0.0
2004-09-09,2175390056448.0,2175390056448.0,2031749955584.0,2078999969792.0,0,0.0,0.0
2004-09-10,2120579940352.0,2148930027520.0,2054429999104.0,2118690013184.0,0,0.0,0.0
2004-09-13,2126249984000.0,2267999895552.0,2101680013312.0,2239650070528.0,0,0.0,0.0
2004-09-14,2254770012160.0,2273670070272.0,2201849954304.0,2220750012416.0,0,0.0,0.0
2004-09-15,2258550128640.0,2258550128640.0,2201849954304.0,2226419924992.0,0,0.0,0.0
2004-09-16,2211299983360.0,2266110099456.0,2175390056448.0,2211299983360.0,0,0.0,0.0
2004-09-17,2226419924992.0,2239650070528.0,2164049969152.0,2192400056320.0,0,0.0,0.0
2004-09-20,2194289983488.0,2428650127360.0,2192400056320.0,2409750069248.0,0,0.0,0.0
2004-09-21,2474009952256.0,2674350096384.0,2428650127360.0,2570400038912.0,0,0.0,0.0
2004-09-22,2659229892608.0,2965409890304.0,2559059951616.0,2613870067712.0,0,0.0,0.0
2004-09-23,2719709921280.0,2857679978496.0,2666790125568.0,2778299891712.0,0,0.0,0.0
2004-09-24,2797199949824.0,2853900124160.0,2617649922048.0,2691360096256.0,0,0.0,0.0
2004-09-27,2727269892096.0,2797199949824.0,2646000009216.0,2708370096128.0,0,0.0,0.0
2004-09-28,2935170007040.0,2986200006656.0,2816100007936.0,2929500094464.0,0,0.0,0.0
2004-09-29,3012660035584.0,3127949918208.0,2927610036224.0,2976749977600.0,0,0.0,0.0
2004-09-30,3012660035584.0,3042899918848.0,2974859919360.0,3022110064640.0,0,0.0,0.0
2004-10-01,3067469889536.0,3069359947776.0,2882249949184.0,3016439889920.0,0,0.0,0.0
2004-10-04,3069359947776.0,3073140064256.0,2844450095104.0,2908709978112.0,0,0.0,0.0
2004-10-05,2929500094464.0,3307499945984.0,2929500094464.0,3290489946112.0,0,0.0,0.0
2004-10-06,3383099916288.0,3666600001536.0,3309390004224.0,3487049973760.0,0,0.0,0.0
2004-10-07,3662819885056.0,3662819885056.0,3337740091392.0,3521069973504.0,0,0.0,0.0
2004-10-08,3555089973248.0,3592890089472.0,3424679886848.0,3553199915008.0,0,0.0,0.0
2004-10-11,3570209914880.0,3579659943936.0,3167640092672.0,3265919975424.0,0,0.0,0.0
2004-10-12,3131730034688.0,3248909975552.0,2986200006656.0,3024000122880.0,0,0.0,0.0
2004-10-13,3046680035328.0,3076919918592.0,2782080008192.0,2844450095104.0,0,0.0,0.0
2004-10-14,2800980066304.0,3260250062848.0,2778299891712.0,3212999917568.0,0,0.0,0.0
2004-10-15,3388770091008.0,3401999974400.0,3241350004736.0,3305609887744.0,0,0.0,0.0
2004-10-18,3345300062208.0,3401999974400.0,3214889975808.0,3262140121088.0,0,0.0,0.0
2004-10-19,3071250006016.0,3188429946880.0,2971080065024.0,3065580093440.0,0,0.0,0.0
2004-10-20,2976749977600.0,3161969917952.0,2976749977600.0,3103379947520.0,0,0.0,0.0
2004-10-21,3156300005376.0,3175200063488.0,3048570093568.0,3114720034816.0,0,0.0,0.0
2004-10-22,3171419947008.0,3175200063488.0,3071250006016.0,3099600093184.0,0,0.0,0.0
2004-10-25,3167640092672.0,3364200120320.0,3114720034816.0,3233790033920.0,0,0.0,0.0
2004-10-26,3231899975680.0,3296160120832.0,3165750034432.0,3212999917568.0,0,0.0,0.0
2004-10-27,3260250062848.0,3298049916928.0,3173310005248.0,3231899975680.0,0,0.0,0.0
2004-10-28,3184650092544.0,3296160120832.0,3127949918208.0,3195989917696.0,0,0.0,0.0
2004-10-29,3214889975808.0,3279150120960.0,3212999917568.0,3231899975680.0,0,0.0,0.0
2004-11-01,3292380004352.0,3292380004352.0,3194100121600.0,3235680092160.0,0,0.0,0.0
2004-11-02,3373649887232.0,3401999974400.0,3024000122880.0,3042899918848.0,0,0.0,0.0
2004-11-03,3118499889152.0,3173310005248.0,2889809920000.0,2989980123136.0,0,0.0,0.0
2004-11-04,3042899918848.0,3109050122240.0,2988090064896.0,3031560093696.0,0,0.0,0.0
2004-11-05,2965409890304.0,3061799976960.0,2910600036352.0,2967299948544.0,0,0.0,0.0
2004-11-08,2995650035712.0,3061799976960.0,2971080065024.0,3044789977088.0,0,0.0,0.0
2004-11-09,3080700035072.0,3116610093056.0,3052349947904.0,3090150064128.0,0,0.0,0.0
2004-11-10,3099600093184.0,3197879975936.0,3088260005888.0,3186539888640.0,0,0.0,0.0
2004-11-11,3231899975680.0,3241350004736.0,3139290005504.0,3167640092672.0,0,0.0,0.0
2004-11-12,3182760034304.0,3190320005120.0,3084479889408.0,3156300005376.0,0,0.0,0.0
2004-11-15,3190320005120.0,3247019917312.0,3131730034688.0,3192210063360.0,0,0.0,0.0
2004-11-16,3228120121344.0,3466260119552.0,3175200063488.0,3466260119552.0,0,0.0,0.0
2004-11-17,3524850089984.0,3693060030464.0,3237569888256.0,3362310062080.0,0,0.0,0.0
2004-11-18,3345300062208.0,3502169915392.0,3247019917312.0,3494609944576.0,0,0.0,0.0
2004-11-19,3526739886080.0,3543749885952.0,3345300062208.0,3492719886336.0,0,0.0,0.0
2004-11-22,3591000031232.0,3891510116352.0,3517290119168.0,3880170029056.0,0,0.0,0.0
2004-11-23,3861269970944.0,3968999882752.0,3770550059008.0,3942540115968.0,0,0.0,0.0
2004-11-24,4057829998592.0,4175009939456.0,3831030087680.0,4167449968640.0,0,0.0,0.0
2004-11-26,4203360026624.0,4346999996416.0,4182569910272.0,4337549967360.0,0,0.0,0.0
2004-11-29,4562460082176.0,4562460082176.0,4261949997056.0,4331880054784.0,0,0.0,0.0
2004-11-30,4248720113664.0,4346999996416.0,4093740056576.0,4261949997056.0,0,0.0,0.0
2004-12-01,4252499968000.0,4324320083968.0,3780000088064.0,3968999882752.0,0,0.0,0.0
2004-12-02,3912299970560.0,3974670057472.0,3617460060160.0,3619350118400.0,0,0.0,0.0
2004-12-03,3640139972608.0,4031369969664.0,3623129972736.0,4003019882496.0,0,0.0,0.0
2004-12-06,4252499968000.0,4252499968000.0,4018140086272.0,4063499911168.0,0,0.0,0.0
2004-12-07,4110750056448.0,4120200085504.0,3694950088704.0,3751650000896.0,0,0.0,0.0
2004-12-08,3630689943552.0,3887729999872.0,3613679943680.0,3719520059392.0,0,0.0,0.0
2004-12-09,3715739942912.0,3780000088064.0,3613679943680.0,3657149972480.0,0,0.0,0.0
2004-12-10,3745980088320.0,3846150029312.0,3432240119808.0,3468149915648.0,0,0.0,0.0
2004-12-13,3496500002816.0,3738420117504.0,3473820090368.0,3706289913856.0,0,0.0,0.0
2004-12-14,3694950088704.0,3734640001024.0,3534300119040.0,3566430060544.0,0,0.0,0.0
2004-12-15,3591000031232.0,3685500059648.0,3545639944192.0,3642030030848.0,0,0.0,0.0
2004-12-16,3685500059648.0,3730859884544.0,3591000031232.0,3632580001792.0,0,0.0,0.0
2004-12-17,3676050030592.0,3685500059648.0,3564540002304.0,3589109972992.0,0,0.0,0.0
2004-12-20,3638249914368.0,3689279913984.0,3543749885952.0,3591000031232.0,0,1000.0,0.0
2004-12-21,3683610001408.0,3683610001408.0,3558870089728.0,3589109972992.0,0,0.0,0.0
2004-12-22,3591000031232.0,3625020030976.0,3488940032000.0,3488940032000.0,0,0.0,0.0
2004-12-23,3488940032000.0,3496500002816.0,3175200063488.0,3260250062848.0,0,0.0,0.0
2004-12-27,3212999917568.0,3269700091904.0,3095819976704.0,3156300005376.0,0,0.0,0.0
2004-12-28,3158190063616.0,3256469946368.0,3124170063872.0,3211110121472.0,0,0.0,0.0
2004-12-29,3127949918208.0,3192210063360.0,3033449889792.0,3054240006144.0,0,0.0,0.0
2004-12-30,3073140064256.0,3097710034944.0,3033449889792.0,3080700035072.0,0,0.0,0.0
2004-12-31,3107160064000.0,3109050122240.0,2948399890432.0,3071250006016.0,0,0.0,0.0
2005-01-03,3082590093312.0,3082590093312.0,2782080008192.0,2835000066048.0,0,0.0,0.0
2005-01-04,2712149950464.0,2863349891072.0,2693249892352.0,2776410095616.0,0,0.0,0.0
2005-01-05,2874689978368.0,2957849919488.0,2816100007936.0,2831219949568.0,0,0.0,0.0
2005-01-06,2859570036736.0,2995650035712.0,2836890124288.0,2908709978112.0,0,0.0,0.0
2005-01-07,2931389890560.0,2940839919616.0,2799090008064.0,2799090008064.0,0,0.0,0.0
2005-01-10,2853900124160.0,2925719977984.0,2816100007936.0,2819880124416.0,0,0.0,0.0
2005-01-11,2814209949696.0,2863349891072.0,2723490037760.0,2744279891968.0,0,0.0,0.0
2005-01-12,2759400095744.0,2819880124416.0,2712149950464.0,2761289891840.0,0,0.0,0.0
2005-01-13,2808540037120.0,2901150007296.0,2749950066688.0,2840669978624.0,0,0.0,0.0
2005-01-14,2886030065664.0,3112829976576.0,2886030065664.0,3103379947520.0,0,0.0,0.0
2005-01-18,3197879975936.0,3222449946624.0,2997540093952.0,3037230006272.0,0,0.0,0.0
2005-01-19,3061799976960.0,3061799976960.0,2965409890304.0,2971080065024.0,0,0.0,0.0
2005-01-20,2901150007296.0,3033449889792.0,2814209949696.0,2976749977600.0,0,0.0,0.0
2005-01-21,3006990123008.0,3042899918848.0,2948399890432.0,3005100064768.0,0,0.0,0.0
2005-01-24,3092040122368.0,3118499889152.0,2889809920000.0,2901150007296.0,0,0.0,0.0
2005-01-25,2946510094336.0,3003210006528.0,2901150007296.0,2927610036224.0,0,0.0,0.0
2005-01-26,2927610036224.0,2999429890048.0,2887920123904.0,2986200006656.0,0,0.0,0.0
2005-01-27,3088260005888.0,3150630092800.0,3046680035328.0,3082590093312.0,0,0.0,0.0
2005-01-28,3137399947264.0,3143070121984.0,3010769977344.0,3137399947264.0,0,0.0,0.0
2005-01-31,3150630092800.0,3241350004736.0,3118499889152.0,3192210063360.0,0,0.0,0.0
2005-02-01,3231899975680.0,3316949975040.0,3203549888512.0,3315059916800.0,0,0.0,0.0
2005-02-02,3354750091264.0,3591000031232.0,3328290062336.0,3587219914752.0,0,0.0,0.0
2005-02-03,3579659943936.0,3591000031232.0,3449250119680.0,3553199915008.0,0,0.0,0.0
2005-02-04,3587219914752.0,3587219914752.0,3343410003968.0,3403890032640.0,0,0.0,0.0
2005-02-07,3426569945088.0,3539970031616.0,3347190120448.0,3439800090624.0,0,0.0,0.0
2005-02-08,3430350061568.0,3439800090624.0,3354750091264.0,3401999974400.0,0,0.0,0.0
2005-02-09,3401999974400.0,3556980031488.0,3352860033024.0,3439800090624.0,0,0.0,0.0
2005-02-10,3496500002816.0,3685500059648.0,3458699886592.0,3685500059648.0,0,0.0,0.0
2005-02-11,3691169972224.0,3723299913728.0,3562649944064.0,3685500059648.0,0,0.0,0.0
2005-02-14,3751650000896.0,3865050087424.0,3704400117760.0,3817799942144.0,0,0.0,0.0
2005-02-15,3912299970560.0,3921749999616.0,3538079973376.0,3609900089344.0,0,0.0,0.0
2005-02-16,3628799885312.0,3710070030336.0,3411450003456.0,3710070030336.0,0,0.0,0.0
2005-02-17,3732749942784.0,3755430117376.0,3600450060288.0,3645809885184.0,0,0.0,0.0
2005-02-18,3865050087424.0,3893399912448.0,3732749942784.0,3757319913472.0,0,0.0,0.0
2005-02-22,3848040087552.0,3987899940864.0,3802680000512.0,3827249971200.0,0,0.0,0.0
2005-02-23,3817799942144.0,3908520116224.0,3761100029952.0,3780000088064.0,0,0.0,0.0
2005-02-24,3819690000384.0,3857490116608.0,3761100029952.0,3838590058496.0,0,0.0,0.0
2005-02-25,3829140029440.0,3870720000000.0,3795120029696.0,3836700000256.0,0,0.0,0.0
2005-02-28,3931200028672.0,4157999939584.0,3838590058496.0,4078620114944.0,0,0.0,0.0
2005-03-01,4080509911040.0,4095630114816.0,3912299970560.0,3951989882880.0,0,0.0,0.0
2005-03-02,3965220028416.0,4038929940480.0,3874500116480.0,3929309970432.0,0,0.0,0.0
2005-03-03,3929309970432.0,3980339970048.0,3600450060288.0,3727080030208.0,0,0.0,0.0
2005-03-04,3761100029952.0,3893399912448.0,3732749942784.0,3831030087680.0,0,0.0,0.0
2005-03-07,3802680000512.0,3883949883392.0,3687390117888.0,3734640001024.0,0,0.0,0.0
2005-03-08,3704400117760.0,3740309913600.0,3445470003200.0,3517290119168.0,0,0.0,0.0
2005-03-09,3528629944320.0,3619350118400.0,3498390061056.0,3560759885824.0,0,0.0,0.0
2005-03-10,3628799885312.0,3630689943552.0,3231899975680.0,3292380004352.0,0,0.0,0.0
2005-03-11,3347190120448.0,3468149915648.0,3347190120448.0,3409559945216.0,0,0.0,0.0
2005-03-14,3490830090240.0,3511619944448.0,3401999974400.0,3454920032256.0,0,0.0,0.0
2005-03-15,3532410060800.0,3543749885952.0,3428460003328.0,3443579944960.0,0,0.0,0.0
2005-03-16,3411450003456.0,3526739886080.0,3354750091264.0,3424679886848.0,0,0.0,0.0
2005-03-17,3483270119424.0,3628799885312.0,3483270119424.0,3564540002304.0,0,0.0,0.0
2005-03-18,3613679943680.0,3628799885312.0,3509729886208.0,3555089973248.0,0,0.0,0.0
2005-03-21,3625020030976.0,3626910089216.0,3515400060928.0,3562649944064.0,0,0.0,0.0
2005-03-22,3591000031232.0,3685500059648.0,3566430060544.0,3575880089600.0,0,0.0,0.0
2005-03-23,3566430060544.0,3572099973120.0,3260250062848.0,3398220120064.0,0,0.0,0.0
2005-03-24,3413340061696.0,3487049973760.0,3401999974400.0,3477599944704.0,0,0.0,0.0
2005-03-28,3475709886464.0,3475709886464.0,3350969974784.0,3437910032384.0,0,0.0,0.0
2005-03-29,3384989974528.0,3443579944960.0,3277260062720.0,3335850033152.0,0,1000.0,0.0
2005-03-30,3383099916288.0,3401999974400.0,3309390004224.0,3390659887104.0,0,0.0,0.0
2005-03-31,3532410060800.0,3547530002432.0,3417119916032.0,3505950031872.0,0,0.0,0.0
2005-04-01,3560759885824.0,3604229914624.0,3487049973760.0,3519179915264.0,0,0.0,0.0
2005-04-04,3566430060544.0,3662819885056.0,3556980031488.0,3585330118656.0,0,0.0,0.0
2005-04-05,3572099973120.0,3623129972736.0,3479490002944.0,3496500002816.0,0,0.0,0.0
2005-04-06,3496500002816.0,3505950031872.0,3383099916288.0,3471930032128.0,0,0.0,0.0
2005-04-07,3471930032128.0,3543749885952.0,3454920032256.0,3515400060928.0,0,0.0,0.0
2005-04-08,3545639944192.0,3545639944192.0,3419009974272.0,3434129915904.0,0,0.0,0.0
2005-04-11,3432240119808.0,3453029974016.0,3345300062208.0,3400109916160.0,0,0.0,0.0
2005-04-12,3400109916160.0,3445470003200.0,3313170120704.0,3407669886976.0,0,0.0,0.0
2005-04-13,3401999974400.0,3403890032640.0,3254579888128.0,3294270062592.0,0,0.0,0.0
2005-04-14,3275370004480.0,3294270062592.0,3127949918208.0,3150630092800.0,0,0.0,0.0
2005-04-15,3137399947264.0,3150630092800.0,2963520094208.0,2984309948416.0,0,0.0,0.0
2005-04-18,2969190006784.0,3008879919104.0,2808540037120.0,2944620036096.0,0,0.0,0.0
2005-04-19,2989980123136.0,3127949918208.0,2948399890432.0,3124170063872.0,0,0.0,0.0
2005-04-20,3158190063616.0,3184650092544.0,3042899918848.0,3080700035072.0,0,0.0,0.0
2005-04-21,3118499889152.0,3250800033792.0,3109050122240.0,3235680092160.0,0,0.0,0.0
2005-04-22,3235680092160.0,3250800033792.0,3167640092672.0,3214889975808.0,0,0.0,0.0
2005-04-25,3216780034048.0,3252690092032.0,3184650092544.0,3241350004736.0,0,0.0,0.0
2005-04-26,3250800033792.0,3275370004480.0,3033449889792.0,3086369947648.0,0,0.0,0.0
2005-04-27,3086369947648.0,3086369947648.0,2967299948544.0,3033449889792.0,0,0.0,0.0
2005-04-28,2948399890432.0,3018329948160.0,2908709978112.0,2925719977984.0,0,0.0,0.0
2005-04-29,2982419890176.0,3003210006528.0,2929500094464.0,2948399890432.0,0,0.0,0.0
2005-05-02,2948399890432.0,2976749977600.0,2904930123776.0,2976749977600.0,0,0.0,0.0
2005-05-03,3008879919104.0,3008879919104.0,2910600036352.0,2935170007040.0,0,0.0,0.0
2005-05-04,2938950123520.0,2946510094336.0,2861460094976.0,2929500094464.0,0,0.0,0.0
2005-05-05,2925719977984.0,3012660035584.0,2910600036352.0,2931389890560.0,0,0.0,0.0
2005-05-06,2989980123136.0,2995650035712.0,2937060065280.0,2955960123392.0,0,0.0,0.0
2005-05-09,2967299948544.0,3005100064768.0,2891699978240.0,2940839919616.0,0,0.0,0.0
2005-05-10,2901150007296.0,2948399890432.0,2882249949184.0,2899259949056.0,0,0.0,0.0
2005-05-11,2891699978240.0,2920050065408.0,2835000066048.0,2869020065792.0,0,0.0,0.0
2005-05-12,2872799920128.0,2872799920128.0,2685689921536.0,2740500037632.0,0,0.0,0.0
2005-05-13,2761289891840.0,2897369890816.0,2727269892096.0,2897369890816.0,0,0.0,0.0
2005-05-16,3014550093824.0,3014550093824.0,2935170007040.0,2967299948544.0,0,0.0,0.0
2005-05-17,2976749977600.0,3182760034304.0,2969190006784.0,3118499889152.0,0,0.0,0.0
2005-05-18,3146849976320.0,3211110121472.0,3024000122880.0,3080700035072.0,0,0.0,0.0
2005-05-19,3039120064512.0,3071250006016.0,2957849919488.0,3001319948288.0,0,0.0,0.0
2005-05-20,3014550093824.0,3020220006400.0,2931389890560.0,2986200006656.0,0,0.0,0.0
2005-05-23,2978640035840.0,3010769977344.0,2901150007296.0,2931389890560.0,0,0.0,0.0
2005-05-24,2986200006656.0,3048570093568.0,2955960123392.0,2995650035712.0,0,0.0,0.0
2005-05-25,2988090064896.0,3031560093696.0,2948399890432.0,3022110064640.0,0,0.0,0.0
2005-05-26,3024000122880.0,3061799976960.0,2989980123136.0,3061799976960.0,0,0.0,0.0
2005-05-27,3061799976960.0,3075030122496.0,3024000122880.0,3039120064512.0,0,0.0,0.0
2005-05-31,3037230006272.0,3041010122752.0,2986200006656.0,3012660035584.0,0,0.0,0.0
2005-06-01,2986200006656.0,3001319948288.0,2938950123520.0,2978640035840.0,0,0.0,0.0
2005-06-02,2967299948544.0,3041010122752.0,2965409890304.0,2997540093952.0,0,0.0,0.0
2005-06-03,2993759977472.0,3027779977216.0,2965409890304.0,2982419890176.0,0,0.0,0.0
2005-06-06,2993759977472.0,3020220006400.0,2976749977600.0,2995650035712.0,0,0.0,0.0
2005-06-07,2986200006656.0,3001319948288.0,2929500094464.0,2948399890432.0,0,0.0,0.0
2005-06-08,2920050065408.0,2957849919488.0,2895480094720.0,2901150007296.0,0,0.0,0.0
2005-06-09,2893590036480.0,2929500094464.0,2863349891072.0,2887920123904.0,0,0.0,0.0
2005-06-10,2884140007424.0,2893590036480.0,2835000066048.0,2876580036608.0,0,0.0,0.0
2005-06-13,2872799920128.0,2920050065408.0,2855789920256.0,2887920123904.0,0,0.0,0.0
2005-06-14,2880359890944.0,2903040065536.0,2835000066048.0,2848229949440.0,0,0.0,0.0
2005-06-15,2853900124160.0,2884140007424.0,2838779920384.0,2853900124160.0,0,0.0,0.0
2005-06-16,2857679978496.0,2867130007552.0,2838779920384.0,2842560036864.0,0,0.0,0.0
2005-06-17,2844450095104.0,2867130007552.0,2838779920384.0,2852010065920.0,0,0.0,0.0
2005-06-20,2844450095104.0,2852010065920.0,2783970066432.0,2797199949824.0,0,0.0,0.0
2005-06-21,2787749920768.0,2793420095488.0,2744279891968.0,2751840124928.0,0,0.0,0.0
2005-06-22,2772629979136.0,2920050065408.0,2768850124800.0,2910600036352.0,0,0.0,0.0
2005-06-23,2920050065408.0,2988090064896.0,2901150007296.0,2971080065024.0,0,0.0,0.0
2005-06-24,2986200006656.0,2997540093952.0,2918160007168.0,2969190006784.0,0,0.0,0.0
2005-06-27,2969190006784.0,2993759977472.0,2938950123520.0,2948399890432.0,0,0.0,0.0
2005-06-28,2938950123520.0,3059909918720.0,2938950123520.0,3033449889792.0,0,0.0,0.0
2005-06-29,3080700035072.0,3109050122240.0,2997540093952.0,3020220006400.0,0,0.0,0.0
2005-06-30,3031560093696.0,3050459889664.0,2978640035840.0,2999429890048.0,0,0.0,0.0
2005-07-01,2991869919232.0,3022110064640.0,2920050065408.0,2989980123136.0,0,0.0,0.0
2005-07-05,2989980123136.0,3001319948288.0,2929500094464.0,2974859919360.0,0,1000.0,0.0
2005-07-06,3024000122880.0,3039120064512.0,2982419890176.0,2999429890048.0,0,0.0,0.0
2005-07-07,3005100064768.0,3005100064768.0,2957849919488.0,2986200006656.0,0,0.0,0.0
2005-07-08,2991869919232.0,3016439889920.0,2961630035968.0,2984309948416.0,0,0.0,0.0
2005-07-11,3005100064768.0,3020220006400.0,2986200006656.0,3018329948160.0,0,0.0,0.0
2005-07-12,3039120064512.0,3175200063488.0,3037230006272.0,3156300005376.0,0,0.0,0.0
2005-07-13,3156300005376.0,3194100121600.0,3099600093184.0,3112829976576.0,0,1000.0,0.0
2005-07-14,3127949918208.0,3158190063616.0,3048570093568.0,3093929918464.0,0,0.0,0.0
2005-07-15,3086369947648.0,3097710034944.0,3033449889792.0,3054240006144.0,0,0.0,0.0
2005-07-18,3054240006144.0,3061799976960.0,2989980123136.0,3005100064768.0,0,0.0,0.0
2005-07-19,3006990123008.0,3033449889792.0,2920050065408.0,2933279948800.0,0,0.0,0.0
2005-07-20,2929500094464.0,3020220006400.0,2920050065408.0,3012660035584.0,0,0.0,0.0
2005-07-21,3005100064768.0,3018329948160.0,2938950123520.0,2957849919488.0,0,0.0,0.0
2005-07-22,2967299948544.0,3005100064768.0,2931389890560.0,2969190006784.0,0,0.0,0.0
2005-07-25,2971080065024.0,2976749977600.0,2912490094592.0,2937060065280.0,0,0.0,0.0
2005-07-26,2933279948800.0,2969190006784.0,2897369890816.0,2906819919872.0,0,0.0,0.0
2005-07-27,2910600036352.0,2929500094464.0,2882249949184.0,2906819919872.0,0,0.0,0.0
2005-07-28,2891699978240.0,2893590036480.0,2863349891072.0,2863349891072.0,0,0.0,0.0
2005-07-29,2853900124160.0,2952180006912.0,2853900124160.0,2904930123776.0,0,0.0,0.0
2005-08-01,2904930123776.0,3024000122880.0,2904930123776.0,2972970123264.0,0,0.0,0.0
2005-08-02,2967299948544.0,2986200006656.0,2933279948800.0,2974859919360.0,0,0.0,0.0
2005-08-03,2978640035840.0,3022110064640.0,2969190006784.0,2999429890048.0,0,0.0,0.0
2005-08-04,2957849919488.0,3008879919104.0,2829329891328.0,2833110007808.0,0,0.0,0.0
2005-08-05,2844450095104.0,2844450095104.0,2814209949696.0,2835000066048.0,0,0.0,0.0
2005-08-08,2835000066048.0,2835000066048.0,2749950066688.0,2766960066560.0,0,0.0,0.0
2005-08-09,2766960066560.0,2766960066560.0,2693249892352.0,2710259892224.0,0,0.0,0.0
2005-08-10,2715930066944.0,2816100007936.0,2715930066944.0,2800980066304.0,0,0.0,0.0
2005-08-11,2797199949824.0,2835000066048.0,2770739920896.0,2831219949568.0,0,0.0,0.0
2005-08-12,2835000066048.0,2844450095104.0,2799090008064.0,2814209949696.0,0,0.0,0.0
2005-08-15,2797199949824.0,2829329891328.0,2768850124800.0,2799090008064.0,0,0.0,0.0
2005-08-16,2787749920768.0,2789639979008.0,2729159950336.0,2734830125056.0,0,0.0,0.0
2005-08-17,2721599979520.0,2753729921024.0,2712149950464.0,2715930066944.0,0,0.0,0.0
2005-08-18,2702699921408.0,2731050008576.0,2668679921664.0,2693249892352.0,0,0.0,0.0
2005-08-19,2683800125440.0,2721599979520.0,2664900067328.0,2719709921280.0,0,0.0,0.0
2005-08-22,2731050008576.0,2757510037504.0,2706480037888.0,2712149950464.0,0,0.0,0.0
2005-08-23,2721599979520.0,2738609979392.0,2674350096384.0,2687579979776.0,0,0.0,0.0
2005-08-24,2687579979776.0,2802870124544.0,2685689921536.0,2757510037504.0,0,0.0,0.0
2005-08-25,2765070008320.0,2774520037376.0,2712149950464.0,2727269892096.0,0,0.0,0.0
2005-08-26,2742390095872.0,2742390095872.0,2598750126080.0,2644109950976.0,0,0.0,0.0
2005-08-29,2655450038272.0,2740500037632.0,2642219892736.0,2715930066944.0,0,0.0,0.0
2005-08-30,2731050008576.0,2736719921152.0,2700810125312.0,2725380096000.0,0,0.0,0.0
2005-08-31,2740500037632.0,2912490094592.0,2727269892096.0,2912490094592.0,0,0.0,0.0
2005-09-01,2938950123520.0,2976749977600.0,2829329891328.0,2882249949184.0,0,0.0,0.0
2005-09-02,2974859919360.0,3069359947776.0,2972970123264.0,3029670035456.0,0,0.0,0.0
2005-09-06,3076919918592.0,3092040122368.0,2986200006656.0,3027779977216.0,0,0.0,0.0
2005-09-07,3024000122880.0,3031560093696.0,2948399890432.0,2969190006784.0,0,0.0,0.0
2005-09-08,2954070065152.0,2995650035712.0,2912490094592.0,2982419890176.0,0,0.0,0.0
2005-09-09,2984309948416.0,2995650035712.0,2891699978240.0,2918160007168.0,0,0.0,0.0
2005-09-12,2929500094464.0,2954070065152.0,2895480094720.0,2916269948928.0,0,0.0,0.0
2005-09-13,2923829919744.0,2929500094464.0,2835000066048.0,2848229949440.0,0,0.0,0.0
2005-09-14,2835000066048.0,2884140007424.0,2831219949568.0,2831219949568.0,0,0.0,0.0
2005-09-15,2827440095232.0,2929500094464.0,2827440095232.0,2872799920128.0,0,0.0,0.0
2005-09-16,2901150007296.0,2920050065408.0,2872799920128.0,2912490094592.0,0,0.0,0.0
2005-09-19,2927610036224.0,2957849919488.0,2857679978496.0,2942729977856.0,0,0.0,0.0
2005-09-20,2946510094336.0,2955960123392.0,2867130007552.0,2889809920000.0,0,0.0,0.0
2005-09-21,2891699978240.0,2925719977984.0,2844450095104.0,2869020065792.0,0,0.0,0.0
2005-09-22,2869020065792.0,3014550093824.0,2861460094976.0,2912490094592.0,0,0.0,0.0
2005-09-23,2895480094720.0,2946510094336.0,2891699978240.0,2931389890560.0,0,0.0,0.0
2005-09-26,2929500094464.0,2946510094336.0,2886030065664.0,2903040065536.0,0,0.0,0.0
2005-09-27,2901150007296.0,2904930123776.0,2869020065792.0,2891699978240.0,0,0.0,0.0
2005-09-28,2889809920000.0,2944620036096.0,2884140007424.0,2895480094720.0,0,0.0,0.0
2005-09-29,2886030065664.0,2910600036352.0,2882249949184.0,2886030065664.0,0,0.0,0.0
2005-09-30,2886030065664.0,2906819919872.0,2789639979008.0,2838779920384.0,0,0.0,0.0
2005-10-03,2821769920512.0,2836890124288.0,2740500037632.0,2751840124928.0,0,0.0,0.0
2005-10-04,2761289891840.0,2793420095488.0,2702699921408.0,2714040008704.0,0,0.0,0.0
2005-10-05,2717820125184.0,2723490037760.0,2674350096384.0,2681910067200.0,0,0.0,0.0
2005-10-06,2674350096384.0,2721599979520.0,2627099951104.0,2689470038016.0,0,0.0,0.0
2005-10-07,2687579979776.0,2766960066560.0,2674350096384.0,2708370096128.0,0,0.0,0.0
2005-10-10,2708370096128.0,2748060008448.0,2568509980672.0,2619539980288.0,0,0.0,0.0
2005-10-11,2664900067328.0,2766960066560.0,2646000009216.0,2734830125056.0,0,0.0,0.0
2005-10-12,2734830125056.0,2772629979136.0,2668679921664.0,2676239892480.0,0,1000.0,0.0
2005-10-13,2651669921792.0,2676239892480.0,2591189893120.0,2615760125952.0,0,0.0,0.0
2005-10-14,2589300097024.0,2621430038528.0,2589300097024.0,2617649922048.0,0,0.0,0.0
2005-10-17,2621430038528.0,2651669921792.0,2617649922048.0,2628990009344.0,0,0.0,0.0
2005-10-18,2628990009344.0,2636549980160.0,2570400038912.0,2570400038912.0,0,0.0,0.0
2005-10-19,2564730126336.0,2570400038912.0,2419200098304.0,2508029952000.0,0,0.0,0.0
2005-10-20,2479680126976.0,2534489980928.0,2432429981696.0,2438099894272.0,0,0.0,0.0
2005-10-21,2447549923328.0,2477790068736.0,2362499923968.0,2460780068864.0,0,0.0,0.0
2005-10-24,2456999952384.0,2534489980928.0,2456999952384.0,2526930010112.0,0,0.0,0.0
2005-10-25,2543940009984.0,2543940009984.0,2428650127360.0,2456999952384.0,0,0.0,0.0
2005-10-26,2472119894016.0,2487240097792.0,2438099894272.0,2447549923328.0,0,0.0,0.0
2005-10-27,2436210098176.0,2453220098048.0,2392740069376.0,2407860011008.0,0,0.0,0.0
2005-10-28,2400300040192.0,2456999952384.0,2362499923968.0,2441880010752.0,0,0.0,0.0
2005-10-31,2456999952384.0,2474009952256.0,2415419981824.0,2434320039936.0,0,0.0,0.0
2005-11-01,2455109894144.0,2456999952384.0,2428650127360.0,2432429981696.0,0,0.0,0.0
2005-11-02,2438099894272.0,2470230097920.0,2438099894272.0,2462670127104.0,0,0.0,0.0
2005-11-03,2462670127104.0,2528820068352.0,2456999952384.0,2525039951872.0,0,0.0,0.0
2005-11-04,2549609922560.0,2583629922304.0,2528820068352.0,2576069951488.0,0,0.0,0.0
2005-11-07,2589300097024.0,2657340096512.0,2576069951488.0,2646000009216.0,0,0.0,0.0
2005-11-08,2646000009216.0,2689470038016.0,2623320096768.0,2661119950848.0,0,0.0,0.0
2005-11-09,2646000009216.0,2725380096000.0,2646000009216.0,2704589979648.0,0,0.0,0.0
2005-11-10,2789639979008.0,2793420095488.0,2579850067968.0,2604420038656.0,0,0.0,0.0
2005-11-11,2585519980544.0,2636549980160.0,2581740126208.0,2602529980416.0,0,0.0,0.0
2005-11-14,2593079951360.0,2640330096640.0,2462670127104.0,2519370039296.0,0,0.0,0.0
2005-11-15,2517479981056.0,2523149893632.0,2430539923456.0,2447549923328.0,0,0.0,0.0
2005-11-16,2462670127104.0,2474009952256.0,2424870010880.0,2464559923200.0,0,0.0,0.0
2005-11-17,2479680126976.0,2504250097664.0,2438099894272.0,2453220098048.0,0,0.0,0.0
2005-11-18,2456999952384.0,2470230097920.0,2415419981824.0,2432429981696.0,0,0.0,0.0
2005-11-21,2432429981696.0,2455109894144.0,2405969952768.0,2409750069248.0,0,0.0,0.0
2005-11-22,2424870010880.0,2543940009984.0,2409750069248.0,2540159893504.0,0,0.0,0.0
2005-11-23,2532599922688.0,2543940009984.0,2496690126848.0,2509920010240.0,0,0.0,0.0
2005-11-25,2500469981184.0,2526930010112.0,2466449981440.0,2475900010496.0,0,0.0,0.0
2005-11-28,2481569923072.0,2508029952000.0,2455109894144.0,2460780068864.0,0,0.0,0.0
2005-11-29,2496690126848.0,2521260097536.0,2447549923328.0,2491019952128.0,0,0.0,0.0
2005-11-30,2485350039552.0,2532599922688.0,2481569923072.0,2485350039552.0,0,0.0,0.0
2005-12-01,2479680126976.0,2579850067968.0,2479680126976.0,2566619922432.0,0,0.0,0.0
2005-12-02,2570400038912.0,2602529980416.0,2551499980800.0,2598750126080.0,0,0.0,0.0
2005-12-05,2598750126080.0,2664900067328.0,2593079951360.0,2659229892608.0,0,0.0,0.0
2005-12-06,2672460038144.0,2672460038144.0,2570400038912.0,2615760125952.0,0,0.0,0.0
2005-12-07,2598750126080.0,2617649922048.0,2559059951616.0,2560950009856.0,0,0.0,0.0
2005-12-08,2560950009856.0,2579850067968.0,2483459981312.0,2496690126848.0,0,0.0,0.0
2005-12-09,2491019952128.0,2521260097536.0,2483459981312.0,2494800068608.0,0,0.0,0.0
2005-12-12,2498579922944.0,2543940009984.0,2496690126848.0,2526930010112.0,0,0.0,0.0
2005-12-13,2519370039296.0,2526930010112.0,2464559923200.0,2504250097664.0,0,0.0,0.0
2005-12-14,2494800068608.0,2508029952000.0,2449439981568.0,2466449981440.0,0,0.0,0.0
2005-12-15,2447549923328.0,2508029952000.0,2447549923328.0,2506139893760.0,0,0.0,0.0
2005-12-16,2453220098048.0,2506139893760.0,2447549923328.0,2451330039808.0,0,0.0,0.0
2005-12-19,2449439981568.0,2474009952256.0,2370059894784.0,2405969952768.0,0,0.0,0.0
2005-12-20,2400300040192.0,2447549923328.0,2388959952896.0,2415419981824.0,0,0.0,0.0
2005-12-21,2413529923584.0,2456999952384.0,2396519923712.0,2404079894528.0,0,0.0,0.0
2005-12-22,2419200098304.0,2419200098304.0,2392740069376.0,2396519923712.0,0,0.0,0.0
2005-12-23,2392740069376.0,2421089894400.0,2390850011136.0,2411640127488.0,0,0.0,0.0
2005-12-27,2396519923712.0,2455109894144.0,2381399982080.0,2381399982080.0,0,0.0,0.0
2005-12-28,2381399982080.0,2419200098304.0,2364389982208.0,2371949953024.0,0,0.0,0.0
2005-12-29,2364389982208.0,2371949953024.0,2324700069888.0,2343600128000.0,0,0.0,0.0
2005-12-30,2354939953152.0,2354939953152.0,2319029895168.0,2324700069888.0,0,0.0,0.0
2006-01-03,2326590128128.0,2409750069248.0,2326590128128.0,2402190098432.0,0,0.0,0.0
2006-01-04,2421089894400.0,2441880010752.0,2415419981824.0,2417310040064.0,0,0.0,0.0
2006-01-05,2426760069120.0,2441880010752.0,2398409981952.0,2404079894528.0,0,0.0,0.0
2006-01-06,2407860011008.0,2417310040064.0,2404079894528.0,2415419981824.0,0,0.0,0.0
2006-01-09,2432429981696.0,2502360039424.0,2415419981824.0,2477790068736.0,0,0.0,0.0
2006-01-10,2462670127104.0,2477790068736.0,2453220098048.0,2477790068736.0,0,0.0,0.0
2006-01-11,2477790068736.0,2481569923072.0,2458890010624.0,2460780068864.0,0,0.0,0.0
2006-01-12,2453220098048.0,2453220098048.0,2362499923968.0,2366280040448.0,0,1000.0,0.0
2006-01-13,2362499923968.0,2375730069504.0,2353049894912.0,2358720069632.0,0,0.0,0.0
2006-01-17,2343600128000.0,2371949953024.0,2334150098944.0,2351160098816.0,0,0.0,0.0
2006-01-18,2362499923968.0,2375730069504.0,2319029895168.0,2322810011648.0,0,0.0,0.0
2006-01-19,2328479924224.0,2392740069376.0,2322810011648.0,2373840011264.0,0,0.0,0.0
2006-01-20,2400300040192.0,2402190098432.0,2343600128000.0,2371949953024.0,0,0.0,0.0
2006-01-23,2371949953024.0,2419200098304.0,2324700069888.0,2334150098944.0,0,0.0,0.0
2006-01-24,2353049894912.0,2407860011008.0,2334150098944.0,2353049894912.0,0,0.0,0.0
2006-01-25,2373840011264.0,2407860011008.0,2320919953408.0,2337929953280.0,0,0.0,0.0
2006-01-26,2353049894912.0,2362499923968.0,2315250040832.0,2356830011392.0,0,0.0,0.0
2006-01-27,2343600128000.0,2358720069632.0,2324700069888.0,2326590128128.0,0,0.0,0.0
2006-01-30,2326590128128.0,2373840011264.0,2326590128128.0,2360610127872.0,0,0.0,0.0
2006-01-31,2373840011264.0,2373840011264.0,2351160098816.0,2373840011264.0,0,0.0,0.0
2006-02-01,2381399982080.0,2381399982080.0,2347379982336.0,2358720069632.0,0,0.0,0.0
2006-02-02,2366280040448.0,2366280040448.0,2239650070528.0,2283120099328.0,0,0.0,0.0
2006-02-03,2271780012032.0,2336039895040.0,2271780012032.0,2324700069888.0,0,0.0,0.0
2006-02-06,2324700069888.0,2334150098944.0,2288790011904.0,2307690070016.0,0,0.0,0.0
2006-02-07,2332260040704.0,2379509923840.0,2277449924608.0,2283120099328.0,0,0.0,0.0
2006-02-08,2283120099328.0,2303909953536.0,2267999895552.0,2269889953792.0,0,0.0,0.0
2006-02-09,2277449924608.0,2300130099200.0,2249100099584.0,2258550128640.0,0,0.0,0.0
2006-02-10,2247210041344.0,2273670070272.0,2239650070528.0,2258550128640.0,0,0.0,0.0
2006-02-13,2243429924864.0,2285009895424.0,2243429924864.0,2249100099584.0,0,0.0,0.0
2006-02-14,2266110099456.0,2305800011776.0,2230200041472.0,2288790011904.0,0,0.0,0.0
2006-02-15,2290680070144.0,2313359982592.0,2277449924608.0,2292570128384.0,0,0.0,0.0
2006-02-16,2307690070016.0,2307690070016.0,2279339982848.0,2285009895424.0,0,0.0,0.0
2006-02-17,2283120099328.0,2298240040960.0,2262329982976.0,2277449924608.0,0,0.0,0.0
2006-02-21,2260439924736.0,2298240040960.0,2260439924736.0,2269889953792.0,0,0.0,0.0
2006-02-22,2277449924608.0,2302019895296.0,2277449924608.0,2298240040960.0,0,0.0,0.0
2006-02-23,2311469924352.0,2411640127488.0,2288790011904.0,2404079894528.0,0,0.0,0.0
2006-02-24,2405969952768.0,2474009952256.0,2385180098560.0,2466449981440.0,0,0.0,0.0
2006-02-27,2502360039424.0,2547720126464.0,2370059894784.0,2455109894144.0,0,0.0,0.0
2006-02-28,2470230097920.0,2470230097920.0,2400300040192.0,2460780068864.0,0,0.0,0.0
2006-03-01,2485350039552.0,2532599922688.0,2438099894272.0,2451330039808.0,0,0.0,0.0
2006-03-02,2451330039808.0,2500469981184.0,2438099894272.0,2491019952128.0,0,0.0,0.0
2006-03-03,2491019952128.0,2587410038784.0,2477790068736.0,2581740126208.0,0,0.0,0.0
2006-03-06,2585519980544.0,2589300097024.0,2526930010112.0,2543940009984.0,0,0.0,0.0
2006-03-07,2551499980800.0,2553390039040.0,2491019952128.0,2519370039296.0,0,0.0,0.0
2006-03-08,2481569923072.0,2577960009728.0,2481569923072.0,2532599922688.0,0,0.0,0.0
2006-03-09,2542049951744.0,2545830068224.0,2506139893760.0,2528820068352.0,0,0.0,0.0
2006-03-10,2551499980800.0,2621430038528.0,2513700126720.0,2611980009472.0,0,0.0,0.0
2006-03-13,3041010122752.0,3161969917952.0,2863349891072.0,3148740034560.0,0,0.0,0.0
2006-03-14,3186539888640.0,3260250062848.0,3175200063488.0,3228120121344.0,0,0.0,0.0
2006-03-15,3228120121344.0,3262140121088.0,3195989917696.0,3252690092032.0,0,0.0,0.0
2006-03-16,3252690092032.0,3260250062848.0,3178979917824.0,3231899975680.0,0,0.0,0.0
2006-03-17,3237569888256.0,3298049916928.0,3207330004992.0,3296160120832.0,0,0.0,0.0
2006-03-20,3303720091648.0,3436019974144.0,3298049916928.0,3401999974400.0,0,0.0,0.0
2006-03-21,3420900032512.0,3456810090496.0,3401999974400.0,3443579944960.0,0,0.0,0.0
2006-03-22,3447360061440.0,3462480003072.0,3354750091264.0,3420900032512.0,0,0.0,0.0
2006-03-23,3273479946240.0,3301830033408.0,3044789977088.0,3228120121344.0,0,0.0,0.0
2006-03-24,3230009917440.0,3277260062720.0,3228120121344.0,3267810033664.0,0,0.0,0.0
2006-03-27,3260250062848.0,3403890032640.0,3243240062976.0,3347190120448.0,0,0.0,0.0
2006-03-28,2474009952256.0,2668679921664.0,2468340039680.0,2587410038784.0,0,1000.0,0.0
2006-03-29,2642219892736.0,2649780125696.0,2585519980544.0,2596860067840.0,0,0.0,0.0
2006-03-30,2615760125952.0,2615760125952.0,2540159893504.0,2576069951488.0,0,0.0,0.0
2006-03-31,2570400038912.0,2574179893248.0,2415419981824.0,2456999952384.0,0,0.0,0.0
2006-04-03,2441880010752.0,2449439981568.0,2334150098944.0,2353049894912.0,0,0.0,0.0
2006-04-04,2360610127872.0,2373840011264.0,2296349982720.0,2322810011648.0,0,0.0,0.0
2006-04-05,2337929953280.0,2343600128000.0,2281230041088.0,2298240040960.0,0,0.0,0.0
2006-04-06,2303909953536.0,2309580128256.0,2175390056448.0,2230200041472.0,0,0.0,0.0
2006-04-07,2300130099200.0,2360610127872.0,2290680070144.0,2334150098944.0,0,0.0,0.0
2006-04-10,2345489924096.0,2390850011136.0,2336039895040.0,2385180098560.0,0,0.0,0.0
2006-04-11,2381399982080.0,2417310040064.0,2347379982336.0,2351160098816.0,0,0.0,0.0
2006-04-12,1872990044160.0,1884330000384.0,1718009987072.0,1831409942528.0,0,1000.0,0.0
2006-04-13,1865429942272.0,1888109985792.0,1837079986176.0,1861649956864.0,0,0.0,0.0
2006-04-17,1706670030848.0,1729349943296.0,1623509958656.0,1627289944064.0,0,0.0,0.0
2006-04-18,1530899988480.0,1566810046464.0,1464750047232.0,1470419959808.0,0,0.0,0.0
2006-04-19,1470419959808.0,1530899988480.0,1468530032640.0,1510110003200.0,0,0.0,0.0
2006-04-20,1517669974016.0,1530899988480.0,1477980061696.0,1508219944960.0,0,0.0,0.0
2006-04-21,1493100003328.0,1519560032256.0,1485540032512.0,1489320017920.0,0,0.0,0.0
2006-04-24,1485540032512.0,1506330017792.0,1417500033024.0,1440179945472.0,0,0.0,0.0
2006-04-25,1443960061952.0,1481760047104.0,1419389960192.0,1419389960192.0,0,0.0,0.0
2006-04-26,1428839989248.0,1512000061440.0,1428839989248.0,1459080003584.0,0,0.0,0.0
2006-04-27,1512000061440.0,1513889988608.0,1389149945856.0,1400490033152.0,0,0.0,0.0
2006-04-28,1396710047744.0,1434510032896.0,1336230019072.0,1415609974784.0,0,0.0,0.0
2006-05-01,1415609974784.0,1421280018432.0,1353240018944.0,1370250018816.0,0,0.0,0.0
2006-05-02,1370250018816.0,1398599974912.0,1345680048128.0,1347569975296.0,0,0.0,0.0
2006-05-03,1387260018688.0,1387260018688.0,1351349960704.0,1366470033408.0,0,0.0,0.0
2006-05-04,1362690048000.0,1430730047488.0,1353240018944.0,1417500033024.0,0,0.0,0.0
2006-05-05,1445849989120.0,1566810046464.0,1419389960192.0,1561140002816.0,0,0.0,0.0
2006-05-08,1632959987712.0,1659420016640.0,1513889988608.0,1525229944832.0,0,0.0,0.0
2006-05-09,1540350017536.0,1576259944448.0,1515780046848.0,1563030061056.0,0,0.0,0.0
2006-05-10,1587600031744.0,1595160002560.0,1479869988864.0,1515780046848.0,0,0.0,0.0
2006-05-11,1691549958144.0,1712339943424.0,1608390017024.0,1619729973248.0,0,0.0,0.0
2006-05-12,1625400016896.0,1636739973120.0,1515780046848.0,1538459959296.0,0,0.0,0.0
2006-05-15,1523340017664.0,1525229944832.0,1425060003840.0,1442070003712.0,0,0.0,0.0
2006-05-16,1432619974656.0,1506330017792.0,1432619974656.0,1500659974144.0,0,0.0,0.0
2006-05-17,1512000061440.0,1527120003072.0,1417500033024.0,1457189945344.0,0,0.0,0.0
2006-05-18,1477980061696.0,1494990061568.0,1389149945856.0,1406159945728.0,0,0.0,0.0
2006-05-19,1402379960320.0,1417500033024.0,1340010004480.0,1360799989760.0,0,0.0,0.0
2006-05-22,1349460033536.0,1387260018688.0,1332450033664.0,1343789989888.0,0,0.0,0.0
2006-05-23,1353240018944.0,1385369960448.0,1347569975296.0,1351349960704.0,0,0.0,0.0
2006-05-24,1362690048000.0,1370250018816.0,1332450033664.0,1349460033536.0,0,0.0,0.0
2006-05-25,1353240018944.0,1362690048000.0,1332450033664.0,1351349960704.0,0,0.0,0.0
2006-05-26,1340010004480.0,1394819989504.0,1340010004480.0,1383480033280.0,0,0.0,0.0
2006-05-30,1381589975040.0,1398599974912.0,1341900062720.0,1351349960704.0,0,0.0,0.0
2006-05-31,1381589975040.0,1385369960448.0,1353240018944.0,1372139945984.0,0,0.0,0.0
2006-06-01,1334339960832.0,1415609974784.0,1334339960832.0,1411829989376.0,0,0.0,0.0
2006-06-02,1417500033024.0,1428839989248.0,1396710047744.0,1413720047616.0,0,0.0,0.0
2006-06-05,1425060003840.0,1425060003840.0,1353240018944.0,1372139945984.0,0,0.0,0.0
2006-06-06,1383480033280.0,1383480033280.0,1336230019072.0,1343789989888.0,0,0.0,0.0
2006-06-07,1351349960704.0,1364579975168.0,1334339960832.0,1341900062720.0,0,0.0,0.0
2006-06-08,1338119946240.0,1341900062720.0,1294650048512.0,1315440033792.0,0,0.0,0.0
2006-06-09,1324890062848.0,1328670048256.0,1275749990400.0,1287089946624.0,0,0.0,0.0
2006-06-12,1304099946496.0,1304099946496.0,1266299961344.0,1268190019584.0,0,0.0,0.0
2006-06-13,1268190019584.0,1270079946752.0,1143449976832.0,1151009947648.0,0,0.0,0.0
2006-06-14,1162350034944.0,1181249961984.0,1156679991296.0,1169910005760.0,0,0.0,0.0
2006-06-15,1181249961984.0,1226610049024.0,1181249961984.0,1209600049152.0,0,0.0,0.0
2006-06-16,1226610049024.0,1254960005120.0,1209600049152.0,1234170019840.0,0,0.0,0.0
2006-06-19,1237950005248.0,1268190019584.0,1190699991040.0,1200150020096.0,0,0.0,0.0
2006-06-20,1236059947008.0,1236059947008.0,1181249961984.0,1230390034432.0,0,0.0,0.0
2006-06-21,1215269961728.0,1294650048512.0,1215269961728.0,1275749990400.0,0,0.0,0.0
2006-06-22,1281420034048.0,1307880062976.0,1271970004992.0,1304099946496.0,0,0.0,0.0
2006-06-23,1304099946496.0,1398599974912.0,1300319961088.0,1370250018816.0,0,0.0,0.0
2006-06-26,1379700047872.0,1408050003968.0,1370250018816.0,1400490033152.0,0,0.0,0.0
2006-06-27,1408050003968.0,1417500033024.0,1319220019200.0,1340010004480.0,0,0.0,0.0
2006-06-28,1315440033792.0,1321109946368.0,1211489976320.0,1215269961728.0,0,0.0,0.0
2006-06-29,1224719990784.0,1236059947008.0,1181249961984.0,1188810063872.0,0,0.0,0.0
2006-06-30,1209600049152.0,1209600049152.0,1171800064000.0,1185029947392.0,0,0.0,0.0
2006-07-03,1203930005504.0,1203930005504.0,1166130020352.0,1190699991040.0,0,0.0,0.0
2006-07-05,1183140020224.0,1190699991040.0,1168019947520.0,1179360034816.0,0,0.0,0.0
2006-07-06,1181249961984.0,1183140020224.0,1166130020352.0,1177469976576.0,0,0.0,0.0
2006-07-07,1179360034816.0,1179360034816.0,1162350034944.0,1166130020352.0,0,0.0,0.0
2006-07-10,1168019947520.0,1181249961984.0,1147229962240.0,1147229962240.0,0,0.0,0.0
2006-07-11,1173689991168.0,1179360034816.0,1156679991296.0,1171800064000.0,0,0.0,0.0
2006-07-13,1177469976576.0,1177469976576.0,1156679991296.0,1164239962112.0,0,0.0,0.0
2006-07-14,1164239962112.0,1177469976576.0,1151009947648.0,1166130020352.0,0,0.0,0.0
2006-07-17,1156679991296.0,1168019947520.0,1143449976832.0,1145340035072.0,0,0.0,0.0
2006-07-18,1141560049664.0,1154790064128.0,1065960013824.0,1099979948032.0,0,0.0,0.0
2006-07-19,1096200028160.0,1147229962240.0,1081080020992.0,1130219962368.0,0,0.0,0.0
2006-07-20,1132110020608.0,1137780064256.0,1109429977088.0,1111320035328.0,0,0.0,0.0
2006-07-21,1122659991552.0,1122659991552.0,1073519984640.0,1096200028160.0,0,0.0,0.0
2006-07-24,1103760064512.0,1135890006016.0,1101870006272.0,1135890006016.0,0,0.0,0.0
2006-07-25,1137780064256.0,1166130020352.0,1116989947904.0,1149120020480.0,0,0.0,0.0
2006-07-26,1154790064128.0,1173689991168.0,1145340035072.0,1173689991168.0,0,0.0,0.0
2006-07-27,1177469976576.0,1194479976448.0,1158570049536.0,1171800064000.0,0,0.0,0.0
2006-07-28,1171800064000.0,1181249961984.0,1139669991424.0,1171800064000.0,0,0.0,0.0
2006-07-31,1179360034816.0,1179360034816.0,1133999947776.0,1152900005888.0,0,0.0,0.0
2006-08-01,1168019947520.0,1192590049280.0,1132110020608.0,1190699991040.0,0,0.0,0.0
2006-08-02,1190699991040.0,1270079946752.0,1188810063872.0,1270079946752.0,0,0.0,0.0
2006-08-03,1098090020864.0,1143449976832.0,1086749999104.0,1115100020736.0,0,0.0,0.0
2006-08-04,1124550049792.0,1130219962368.0,1077299970048.0,1088639991808.0,0,0.0,0.0
2006-08-07,1096200028160.0,1105649991680.0,1041389977600.0,1071629991936.0,0,0.0,0.0
2006-08-08,1065960013824.0,1124550049792.0,1058399977472.0,1113209962496.0,0,0.0,0.0
2006-08-09,1113209962496.0,1113209962496.0,1079190028288.0,1111320035328.0,0,0.0,0.0
2006-08-10,1111320035328.0,1111320035328.0,1071629991936.0,1075409977344.0,0,0.0,0.0
2006-08-11,1073519984640.0,1086749999104.0,1058399977472.0,1064070021120.0,0,0.0,0.0
2006-08-14,1064070021120.0,1079190028288.0,1030050021376.0,1039499984896.0,0,0.0,0.0
2006-08-15,1041389977600.0,1054619992064.0,1031940014080.0,1045170028544.0,0,0.0,0.0
2006-08-16,1054619992064.0,1058399977472.0,1035719999488.0,1058399977472.0,0,0.0,0.0
2006-08-17,1058399977472.0,1081080020992.0,1048950013952.0,1077299970048.0,0,0.0,0.0
2006-08-18,1077299970048.0,1079190028288.0,1054619992064.0,1073519984640.0,0,0.0,0.0
2006-08-21,1084860006400.0,1086749999104.0,1069739999232.0,1084860006400.0,0,0.0,0.0
2006-08-22,1086749999104.0,1130219962368.0,1086749999104.0,1130219962368.0,0,0.0,0.0
2006-08-23,1133999947776.0,1151009947648.0,1116989947904.0,1133999947776.0,0,0.0,0.0
2006-08-24,1133999947776.0,1151009947648.0,1115100020736.0,1115100020736.0,0,0.0,0.0
2006-08-25,1124550049792.0,1132110020608.0,1096200028160.0,1105649991680.0,0,0.0,0.0
2006-08-28,1096200028160.0,1118880006144.0,1088639991808.0,1099979948032.0,0,0.0,0.0
2006-08-29,1111320035328.0,1171800064000.0,1096200028160.0,1158570049536.0,0,0.0,0.0
2006-08-30,1152900005888.0,1209600049152.0,1133999947776.0,1164239962112.0,0,0.0,0.0
2006-08-31,1171800064000.0,1203930005504.0,1168019947520.0,1192590049280.0,0,0.0,0.0
2006-09-01,1205820063744.0,1205820063744.0,1162350034944.0,1188810063872.0,0,0.0,0.0
2006-09-05,1183140020224.0,1200150020096.0,1162350034944.0,1171800064000.0,0,0.0,0.0
2006-09-06,1171800064000.0,1205820063744.0,1164239962112.0,1166130020352.0,0,0.0,0.0
2006-09-07,1162350034944.0,1181249961984.0,1162350034944.0,1177469976576.0,0,0.0,0.0
2006-09-08,1173689991168.0,1175580049408.0,1135890006016.0,1139669991424.0,0,0.0,0.0
2006-09-11,1141560049664.0,1152900005888.0,1086749999104.0,1109429977088.0,0,0.0,0.0
2006-09-12,1105649991680.0,1149120020480.0,1099979948032.0,1133999947776.0,0,0.0,0.0
2006-09-13,1133999947776.0,1149120020480.0,1133999947776.0,1143449976832.0,0,0.0,0.0
2006-09-14,1143449976832.0,1149120020480.0,1116989947904.0,1120770064384.0,0,0.0,0.0
2006-09-15,1124550049792.0,1132110020608.0,1098090020864.0,1115100020736.0,0,0.0,0.0
2006-09-18,1105649991680.0,1130219962368.0,1101870006272.0,1111320035328.0,0,0.0,0.0
2006-09-19,1111320035328.0,1116989947904.0,1101870006272.0,1107540049920.0,0,0.0,0.0
2006-09-20,1105649991680.0,1120770064384.0,1088639991808.0,1090529984512.0,0,0.0,0.0
2006-09-21,1098090020864.0,1105649991680.0,1081080020992.0,1099979948032.0,0,0.0,0.0
2006-09-22,1099979948032.0,1107540049920.0,1086749999104.0,1090529984512.0,0,0.0,0.0
2006-09-25,1092419977216.0,1101870006272.0,1073519984640.0,1077299970048.0,0,0.0,0.0
2006-09-26,1081080020992.0,1113209962496.0,1071629991936.0,1105649991680.0,0,0.0,0.0
2006-09-27,1113209962496.0,1130219962368.0,1105649991680.0,1128330035200.0,0,0.0,0.0
2006-09-28,1132110020608.0,1143449976832.0,1109429977088.0,1124550049792.0,0,0.0,0.0
2006-09-29,1118880006144.0,1128330035200.0,1101870006272.0,1111320035328.0,0,0.0,0.0
2006-10-02,1105649991680.0,1105649991680.0,1081080020992.0,1086749999104.0,0,0.0,0.0
2006-10-03,1081080020992.0,1096200028160.0,1071629991936.0,1082970013696.0,0,0.0,0.0
2006-10-04,1075409977344.0,1098090020864.0,1071629991936.0,1088639991808.0,0,0.0,0.0
2006-10-05,1088639991808.0,1092419977216.0,1071629991936.0,1079190028288.0,0,0.0,0.0
2006-10-06,1071629991936.0,1084860006400.0,1067850006528.0,1079190028288.0,0,0.0,0.0
2006-10-09,1069739999232.0,1081080020992.0,1064070021120.0,1081080020992.0,0,0.0,0.0
2006-10-10,1086749999104.0,1096200028160.0,1082970013696.0,1082970013696.0,0,0.0,0.0
2006-10-11,1082970013696.0,1086749999104.0,1071629991936.0,1077299970048.0,0,0.0,0.0
2006-10-12,1041389977600.0,1069739999232.0,1037609992192.0,1058399977472.0,0,0.0,0.0
2006-10-13,1058399977472.0,1096200028160.0,1050840006656.0,1094309969920.0,0,0.0,0.0
2006-10-16,1094309969920.0,1151009947648.0,1079190028288.0,1149120020480.0,0,0.0,0.0
2006-10-17,1126439976960.0,1149120020480.0,1118880006144.0,1139669991424.0,0,0.0,0.0
2006-10-18,1113209962496.0,1145340035072.0,1113209962496.0,1132110020608.0,0,0.0,0.0
2006-10-19,1126439976960.0,1126439976960.0,1111320035328.0,1113209962496.0,0,0.0,0.0
2006-10-20,1124550049792.0,1132110020608.0,1107540049920.0,1126439976960.0,0,0.0,0.0
2006-10-23,1133999947776.0,1147229962240.0,1103760064512.0,1115100020736.0,0,0.0,0.0
2006-10-24,1122659991552.0,1139669991424.0,1116989947904.0,1126439976960.0,0,0.0,0.0
2006-10-25,1116989947904.0,1143449976832.0,1116989947904.0,1135890006016.0,0,0.0,0.0
2006-10-26,1143449976832.0,1190699991040.0,1143449976832.0,1177469976576.0,0,0.0,0.0
2006-10-27,1169910005760.0,1190699991040.0,1154790064128.0,1168019947520.0,0,0.0,0.0
2006-10-30,1160459976704.0,1186920005632.0,1149120020480.0,1171800064000.0,0,0.0,0.0
2006-10-31,1168019947520.0,1177469976576.0,1154790064128.0,1173689991168.0,0,0.0,0.0
2006-11-01,1169910005760.0,1171800064000.0,1137780064256.0,1139669991424.0,0,0.0,0.0
2006-11-02,1137780064256.0,1145340035072.0,1116989947904.0,1118880006144.0,0,0.0,0.0
2006-11-03,1115100020736.0,1181249961984.0,1115100020736.0,1149120020480.0,0,0.0,0.0
2006-11-06,1147229962240.0,1147229962240.0,1132110020608.0,1133999947776.0,0,0.0,0.0
2006-11-07,1132110020608.0,1143449976832.0,1128330035200.0,1135890006016.0,0,0.0,0.0
2006-11-08,1120770064384.0,1133999947776.0,1116989947904.0,1120770064384.0,0,0.0,0.0
2006-11-09,1120770064384.0,1130219962368.0,1116989947904.0,1122659991552.0,0,0.0,0.0
2006-11-10,1118880006144.0,1124550049792.0,1105649991680.0,1113209962496.0,0,0.0,0.0
2006-11-13,1116989947904.0,1132110020608.0,1113209962496.0,1118880006144.0,0,0.0,0.0
2006-11-14,1116989947904.0,1133999947776.0,1115100020736.0,1120770064384.0,0,0.0,0.0
2006-11-15,1120770064384.0,1130219962368.0,1115100020736.0,1120770064384.0,0,0.0,0.0
2006-11-16,1118880006144.0,1132110020608.0,1116989947904.0,1126439976960.0,0,0.0,0.0
2006-11-17,1122659991552.0,1124550049792.0,1107540049920.0,1107540049920.0,0,0.0,0.0
2006-11-20,1111320035328.0,1205820063744.0,1084860006400.0,1200150020096.0,0,0.0,0.0
2006-11-21,1179360034816.0,1200150020096.0,1154790064128.0,1166130020352.0,0,0.0,0.0
2006-11-22,1171800064000.0,1177469976576.0,1143449976832.0,1145340035072.0,0,0.0,0.0
2006-11-24,1162350034944.0,1179360034816.0,1154790064128.0,1168019947520.0,0,0.0,0.0
2006-11-27,1168019947520.0,1171800064000.0,1124550049792.0,1124550049792.0,0,0.0,0.0
2006-11-28,1122659991552.0,1133999947776.0,1105649991680.0,1107540049920.0,0,0.0,0.0
2006-11-29,916650000384.0,1054619992064.0,916650000384.0,952559992832.0,0,0.0,0.0
2006-11-30,946890014720.0,992249970688.0,945000022016.0,990359977984.0,0,0.0,0.0
2006-12-01,986579992576.0,996030021632.0,963900014592.0,975239970816.0,0,0.0,0.0
2006-12-04,963900014592.0,973349978112.0,958229970944.0,965790007296.0,0,0.0,0.0
2006-12-05,982800007168.0,992249970688.0,973349978112.0,984689999872.0,0,0.0,0.0
2006-12-06,990359977984.0,1047060021248.0,973349978112.0,1041389977600.0,0,0.0,0.0
2006-12-07,988469985280.0,1073519984640.0,986579992576.0,1045170028544.0,0,0.0,0.0
2006-12-08,1035719999488.0,1039499984896.0,994140028928.0,999810007040.0,0,0.0,0.0
2006-12-11,1003589992448.0,1009259970560.0,958229970944.0,963900014592.0,0,0.0,0.0
2006-12-12,969569992704.0,975239970816.0,950670000128.0,956339978240.0,0,0.0,0.0
2006-12-13,952559992832.0,960120029184.0,931770007552.0,952559992832.0,0,0.0,0.0
2006-12-14,941219971072.0,950670000128.0,926100029440.0,937439985664.0,0,0.0,0.0
2006-12-15,935549992960.0,962010021888.0,935549992960.0,937439985664.0,0,0.0,0.0
2006-12-18,937439985664.0,937439985664.0,922319978496.0,926100029440.0,0,0.0,0.0
2006-12-19,920429985792.0,929880014848.0,916650000384.0,918539993088.0,0,0.0,0.0
2006-12-20,916650000384.0,941219971072.0,914760007680.0,935549992960.0,0,0.0,0.0
2006-12-21,941219971072.0,948780007424.0,931770007552.0,935549992960.0,0,0.0,0.0
2006-12-22,929880014848.0,941219971072.0,922319978496.0,926100029440.0,0,0.0,0.0
2006-12-26,926100029440.0,945000022016.0,922319978496.0,924209971200.0,0,0.0,0.0
2006-12-27,918539993088.0,926100029440.0,916650000384.0,922319978496.0,0,0.0,0.0
2006-12-28,909090029568.0,922319978496.0,907199971328.0,914760007680.0,0,0.0,0.0
2006-12-29,907199971328.0,912870014976.0,871289978880.0,878850015232.0,0,0.0,0.0
2007-01-03,875070029824.0,899640000512.0,873179971584.0,882630000640.0,0,0.0,0.0
2007-01-04,884519993344.0,888299978752.0,875070029824.0,878850015232.0,0,0.0,0.0
2007-01-05,873179971584.0,892080029696.0,850499993600.0,884519993344.0,0,0.0,0.0
2007-01-08,884519993344.0,905309978624.0,867509993472.0,903419985920.0,0,0.0,0.0
2007-01-09,901529993216.0,909090029568.0,892080029696.0,907199971328.0,0,0.0,0.0
2007-01-10,916650000384.0,935549992960.0,903419985920.0,907199971328.0,0,0.0,0.0
2007-01-11,903419985920.0,962010021888.0,895860015104.0,952559992832.0,0,0.0,0.0
2007-01-12,946890014720.0,958229970944.0,922319978496.0,937439985664.0,0,0.0,0.0
2007-01-16,931770007552.0,943110029312.0,905309978624.0,907199971328.0,0,0.0,0.0
2007-01-17,901529993216.0,903419985920.0,873179971584.0,878850015232.0,0,0.0,0.0
2007-01-18,916650000384.0,939329978368.0,892080029696.0,914760007680.0,0,0.0,0.0
2007-01-19,912870014976.0,933660000256.0,890189971456.0,931770007552.0,0,0.0,0.0
2007-01-22,929880014848.0,929880014848.0,882630000640.0,897750007808.0,0,0.0,0.0
2007-01-23,897750007808.0,935549992960.0,897750007808.0,910980022272.0,0,0.0,0.0
2007-01-24,907199971328.0,918539993088.0,895860015104.0,914760007680.0,0,0.0,0.0
2007-01-25,909090029568.0,931770007552.0,897750007808.0,914760007680.0,0,0.0,0.0
2007-01-26,912870014976.0,931770007552.0,907199971328.0,916650000384.0,0,0.0,0.0
2007-01-29,850499993600.0,933660000256.0,850499993600.0,931770007552.0,0,0.0,0.0
2007-01-30,926100029440.0,952559992832.0,918539993088.0,946890014720.0,0,0.0,0.0
2007-01-31,952559992832.0,952559992832.0,943110029312.0,948780007424.0,0,0.0,0.0
2007-02-01,937439985664.0,986579992576.0,937439985664.0,975239970816.0,0,0.0,0.0
2007-02-02,973349978112.0,984689999872.0,965790007296.0,979020021760.0,0,0.0,0.0
2007-02-05,982800007168.0,988469985280.0,967680000000.0,975239970816.0,0,0.0,0.0
2007-02-06,969569992704.0,973349978112.0,958229970944.0,960120029184.0,0,0.0,0.0
2007-02-07,962010021888.0,963900014592.0,941219971072.0,945000022016.0,0,0.0,0.0
2007-02-08,945000022016.0,948780007424.0,935549992960.0,937439985664.0,0,0.0,0.0
2007-02-09,941219971072.0,943110029312.0,929880014848.0,941219971072.0,0,0.0,0.0
2007-02-12,933660000256.0,939329978368.0,926100029440.0,927990022144.0,0,0.0,0.0
2007-02-13,937439985664.0,943110029312.0,933660000256.0,937439985664.0,0,0.0,0.0
2007-02-14,937439985664.0,941219971072.0,926100029440.0,927990022144.0,0,0.0,0.0
2007-02-15,926100029440.0,933660000256.0,916650000384.0,924209971200.0,0,0.0,0.0
2007-02-16,918539993088.0,939329978368.0,916650000384.0,939329978368.0,0,0.0,0.0
2007-02-20,933660000256.0,941219971072.0,918539993088.0,931770007552.0,0,0.0,0.0
2007-02-21,929880014848.0,931770007552.0,910980022272.0,931770007552.0,0,0.0,0.0
2007-02-22,931770007552.0,941219971072.0,929880014848.0,933660000256.0,0,0.0,0.0
2007-02-23,935549992960.0,945000022016.0,935549992960.0,939329978368.0,0,0.0,0.0
2007-02-26,935549992960.0,960120029184.0,926100029440.0,926100029440.0,0,0.0,0.0
2007-02-27,914760007680.0,926100029440.0,899640000512.0,905309978624.0,0,0.0,0.0
2007-02-28,899640000512.0,929880014848.0,897750007808.0,912870014976.0,0,0.0,0.0
2007-03-01,905309978624.0,933660000256.0,897750007808.0,916650000384.0,0,0.0,0.0
2007-03-02,909090029568.0,926100029440.0,901529993216.0,901529993216.0,0,0.0,0.0
2007-03-05,899640000512.0,935549992960.0,886409986048.0,931770007552.0,0,0.0,0.0
2007-03-06,935549992960.0,962010021888.0,926100029440.0,948780007424.0,0,0.0,0.0
2007-03-07,941219971072.0,960120029184.0,926100029440.0,948780007424.0,0,0.0,0.0
2007-03-08,984689999872.0,992249970688.0,907199971328.0,918539993088.0,0,0.0,0.0
2007-03-09,914760007680.0,924209971200.0,907199971328.0,920429985792.0,0,0.0,0.0
2007-03-12,914760007680.0,914760007680.0,893970022400.0,905309978624.0,0,0.0,0.0
2007-03-13,897750007808.0,910980022272.0,878850015232.0,884519993344.0,0,0.0,0.0
2007-03-14,876960022528.0,897750007808.0,859950022656.0,888299978752.0,0,0.0,0.0
2007-03-15,882630000640.0,890189971456.0,873179971584.0,880740007936.0,0,0.0,0.0
2007-03-16,888299978752.0,888299978752.0,854279979008.0,865620000768.0,0,0.0,0.0
2007-03-19,859950022656.0,861840015360.0,841050030080.0,842940022784.0,0,0.0,0.0
2007-03-20,844830015488.0,863730008064.0,844830015488.0,863730008064.0,0,0.0,0.0
2007-03-21,858060029952.0,863730008064.0,850499993600.0,858060029952.0,0,0.0,0.0
2007-03-22,852389986304.0,869399986176.0,852389986304.0,869399986176.0,0,0.0,0.0
2007-03-23,867509993472.0,875070029824.0,859950022656.0,865620000768.0,0,0.0,0.0
2007-03-26,865620000768.0,876960022528.0,859950022656.0,871289978880.0,0,0.0,0.0
2007-03-27,875070029824.0,875070029824.0,859950022656.0,861840015360.0,0,0.0,0.0
2007-03-28,861840015360.0,869399986176.0,852389986304.0,854279979008.0,0,0.0,0.0
2007-03-29,854279979008.0,867509993472.0,854279979008.0,861840015360.0,0,0.0,0.0
2007-03-30,869399986176.0,886409986048.0,863730008064.0,880740007936.0,0,0.0,0.0
2007-04-02,893970022400.0,916650000384.0,884519993344.0,888299978752.0,0,0.0,0.0
2007-04-03,888299978752.0,897750007808.0,884519993344.0,886409986048.0,0,0.0,0.0
2007-04-04,888299978752.0,888299978752.0,869399986176.0,875070029824.0,0,0.0,0.0
2007-04-05,869399986176.0,884519993344.0,869399986176.0,876960022528.0,0,0.0,0.0
2007-04-09,886409986048.0,886409986048.0,854279979008.0,859950022656.0,0,0.0,0.0
2007-04-10,859950022656.0,869399986176.0,856169971712.0,863730008064.0,0,0.0,0.0
2007-04-11,871289978880.0,871289978880.0,858060029952.0,863730008064.0,0,0.0,0.0
2007-04-12,863730008064.0,875070029824.0,859950022656.0,869399986176.0,0,0.0,0.0
2007-04-13,869399986176.0,876960022528.0,863730008064.0,867509993472.0,0,0.0,0.0
2007-04-16,867509993472.0,876960022528.0,865620000768.0,869399986176.0,0,0.0,0.0
2007-04-17,878850015232.0,878850015232.0,859950022656.0,867509993472.0,0,0.0,0.0
2007-04-18,869399986176.0,871289978880.0,863730008064.0,865620000768.0,0,0.0,0.0
2007-04-19,863730008064.0,871289978880.0,861840015360.0,865620000768.0,0,0.0,0.0
2007-04-20,863730008064.0,876960022528.0,859950022656.0,875070029824.0,0,0.0,0.0
2007-04-23,869399986176.0,905309978624.0,867509993472.0,882630000640.0,0,0.0,0.0
2007-04-24,892080029696.0,899640000512.0,869399986176.0,876960022528.0,0,0.0,0.0
2007-04-25,878850015232.0,903419985920.0,878850015232.0,895860015104.0,0,0.0,0.0
2007-04-26,895860015104.0,895860015104.0,863730008064.0,890189971456.0,0,0.0,0.0
2007-04-27,888299978752.0,895860015104.0,869399986176.0,890189971456.0,0,0.0,0.0
2007-04-30,890189971456.0,893970022400.0,873179971584.0,875070029824.0,0,0.0,0.0
2007-05-01,875070029824.0,875070029824.0,854279979008.0,869399986176.0,0,0.0,0.0
2007-05-02,863730008064.0,888299978752.0,861840015360.0,875070029824.0,0,0.0,0.0
2007-05-03,869399986176.0,882630000640.0,854279979008.0,858060029952.0,0,0.0,0.0
2007-05-04,867509993472.0,871289978880.0,856169971712.0,871289978880.0,0,0.0,0.0
2007-05-07,869399986176.0,875070029824.0,846720008192.0,861840015360.0,0,0.0,0.0
2007-05-08,854279979008.0,867509993472.0,846720008192.0,861840015360.0,0,0.0,0.0
2007-05-09,861840015360.0,876960022528.0,856169971712.0,875070029824.0,0,0.0,0.0
2007-05-10,873179971584.0,878850015232.0,865620000768.0,867509993472.0,0,0.0,0.0
2007-05-11,865620000768.0,884519993344.0,861840015360.0,882630000640.0,0,0.0,0.0
2007-05-14,882630000640.0,884519993344.0,869399986176.0,875070029824.0,0,0.0,0.0
2007-05-15,865620000768.0,895860015104.0,861840015360.0,895860015104.0,0,0.0,0.0
2007-05-16,892080029696.0,916650000384.0,886409986048.0,916650000384.0,0,0.0,0.0
2007-05-17,886409986048.0,963900014592.0,886409986048.0,948780007424.0,0,0.0,0.0
2007-05-18,958229970944.0,1045170028544.0,945000022016.0,1035719999488.0,0,0.0,0.0
2007-05-21,1058399977472.0,1152900005888.0,1048950013952.0,1094309969920.0,0,0.0,0.0
2007-05-22,1096200028160.0,1133999947776.0,1094309969920.0,1116989947904.0,0,0.0,0.0
2007-05-23,1133999947776.0,1166130020352.0,1126439976960.0,1133999947776.0,0,0.0,0.0
2007-05-24,1133999947776.0,1164239962112.0,1113209962496.0,1116989947904.0,0,0.0,0.0
2007-05-25,1152900005888.0,1152900005888.0,1130219962368.0,1139669991424.0,0,0.0,0.0
2007-05-29,1101870006272.0,1181249961984.0,1094309969920.0,1164239962112.0,0,0.0,0.0
2007-05-30,1179360034816.0,1185029947392.0,1149120020480.0,1160459976704.0,0,0.0,0.0
2007-05-31,1166130020352.0,1166130020352.0,1135890006016.0,1162350034944.0,0,0.0,0.0
2007-06-01,1158570049536.0,1183140020224.0,1143449976832.0,1177469976576.0,0,0.0,0.0
2007-06-04,1185029947392.0,1219049947136.0,1181249961984.0,1207709990912.0,0,0.0,0.0
2007-06-05,1209600049152.0,1230390034432.0,1205820063744.0,1224719990784.0,0,0.0,0.0
2007-06-06,1228499976192.0,1228499976192.0,1190699991040.0,1200150020096.0,0,0.0,0.0
2007-06-07,1194479976448.0,1215269961728.0,1151009947648.0,1186920005632.0,0,0.0,0.0
2007-06-08,1181249961984.0,1247400034304.0,1181249961984.0,1241729990656.0,0,0.0,0.0
2007-06-11,1247400034304.0,1266299961344.0,1232279961600.0,1258739990528.0,0,0.0,0.0
2007-06-12,1247400034304.0,1258739990528.0,1239840063488.0,1247400034304.0,0,0.0,0.0
2007-06-13,1243620048896.0,1281420034048.0,1228499976192.0,1277640048640.0,0,0.0,0.0
2007-06-14,1283309961216.0,1294650048512.0,1262519975936.0,1273860063232.0,0,0.0,0.0
2007-06-15,1277640048640.0,1294650048512.0,1253069946880.0,1271970004992.0,0,0.0,0.0
2007-06-18,1271970004992.0,1311660048384.0,1262519975936.0,1300319961088.0,0,0.0,0.0
2007-06-19,1302210019328.0,1326779990016.0,1271970004992.0,1323000004608.0,0,0.0,0.0
2007-06-20,1394819989504.0,1394819989504.0,1324890062848.0,1336230019072.0,0,0.0,0.0
2007-06-21,1336230019072.0,1377809989632.0,1336230019072.0,1370250018816.0,0,0.0,0.0
2007-06-22,1368359960576.0,1379700047872.0,1332450033664.0,1340010004480.0,0,0.0,0.0
2007-06-25,1336230019072.0,1357020004352.0,1311660048384.0,1323000004608.0,0,0.0,0.0
2007-06-26,1345680048128.0,1372139945984.0,1313549975552.0,1357020004352.0,0,0.0,0.0
2007-06-27,1349460033536.0,1385369960448.0,1290870063104.0,1379700047872.0,0,0.0,0.0
2007-06-28,1379700047872.0,1411829989376.0,1305990004736.0,1385369960448.0,0,0.0,0.0
2007-06-29,1379700047872.0,1383480033280.0,1326779990016.0,1357020004352.0,0,0.0,0.0
2007-07-02,1360799989760.0,1389149945856.0,1351349960704.0,1387260018688.0,0,0.0,0.0
2007-07-03,1396710047744.0,1417500033024.0,1394819989504.0,1417500033024.0,0,0.0,0.0
2007-07-05,1417500033024.0,1502550032384.0,1379700047872.0,1466639974400.0,0,0.0,0.0
2007-07-06,1460970061824.0,1542239944704.0,1459080003584.0,1521449959424.0,0,0.0,0.0
2007-07-09,1521449959424.0,1574370017280.0,1521449959424.0,1544130002944.0,0,0.0,0.0
2007-07-10,1532790046720.0,1559249944576.0,1466639974400.0,1496879988736.0,0,0.0,0.0
2007-07-11,1493100003328.0,1527120003072.0,1466639974400.0,1510110003200.0,0,0.0,0.0
2007-07-12,1529010061312.0,1566810046464.0,1512000061440.0,1530899988480.0,0,0.0,0.0
2007-07-13,1544130002944.0,1572479959040.0,1540350017536.0,1551689973760.0,0,0.0,0.0
2007-07-16,1566810046464.0,1574370017280.0,1515780046848.0,1530899988480.0,0,0.0,0.0
2007-07-17,1515780046848.0,1557360017408.0,1512000061440.0,1529010061312.0,0,0.0,0.0
2007-07-18,1512000061440.0,1534679973888.0,1474199945216.0,1491209945088.0,0,0.0,0.0
2007-07-19,1504439959552.0,1540350017536.0,1500659974144.0,1523340017664.0,0,0.0,0.0
2007-07-20,1525229944832.0,1546020061184.0,1512000061440.0,1517669974016.0,0,0.0,0.0
2007-07-23,1532790046720.0,1538459959296.0,1477980061696.0,1489320017920.0,0,0.0,0.0
2007-07-24,1470419959808.0,1587600031744.0,1353240018944.0,1381589975040.0,0,0.0,0.0
2007-07-25,1375920062464.0,1417500033024.0,1309769990144.0,1357020004352.0,0,0.0,0.0
2007-07-26,1334339960832.0,1334339960832.0,1256850063360.0,1279529975808.0,0,0.0,0.0
2007-07-27,1281420034048.0,1305990004736.0,1260630048768.0,1296539975680.0,0,0.0,0.0
2007-07-30,1287089946624.0,1319220019200.0,1247400034304.0,1270079946752.0,0,0.0,0.0
2007-07-31,1258739990528.0,1298430033920.0,1249289961472.0,1262519975936.0,0,0.0,0.0
2007-08-01,1247400034304.0,1277640048640.0,1143449976832.0,1179360034816.0,0,0.0,0.0
2007-08-02,1177469976576.0,1271970004992.0,1177469976576.0,1260630048768.0,0,0.0,0.0
2007-08-03,1370250018816.0,1398599974912.0,1294650048512.0,1300319961088.0,0,0.0,0.0
2007-08-06,1275749990400.0,1305990004736.0,1126439976960.0,1181249961984.0,0,0.0,0.0
2007-08-07,1166130020352.0,1287089946624.0,1145340035072.0,1185029947392.0,0,0.0,0.0
2007-08-08,1183140020224.0,1202039947264.0,1096200028160.0,1122659991552.0,0,0.0,0.0
2007-08-09,1124550049792.0,1133999947776.0,979020021760.0,979020021760.0,0,0.0,0.0
2007-08-10,980910014464.0,997920014336.0,937439985664.0,943110029312.0,0,0.0,0.0
2007-08-13,1014930014208.0,1228499976192.0,1001699999744.0,1181249961984.0,0,0.0,0.0
2007-08-14,1219049947136.0,1239840063488.0,1133999947776.0,1156679991296.0,0,0.0,0.0
2007-08-15,1156679991296.0,1156679991296.0,1016820006912.0,1041389977600.0,0,0.0,0.0
2007-08-16,1020599992320.0,1035719999488.0,958229970944.0,988469985280.0,0,0.0,0.0
2007-08-17,1067850006528.0,1086749999104.0,967680000000.0,980910014464.0,0,0.0,0.0
2007-08-20,994140028928.0,1020599992320.0,982800007168.0,1001699999744.0,0,0.0,0.0
2007-08-21,1011150028800.0,1043279970304.0,1001699999744.0,1033830006784.0,0,0.0,0.0
2007-08-22,1056509984768.0,1160459976704.0,1048950013952.0,1158570049536.0,0,0.0,0.0
2007-08-23,1171800064000.0,1202039947264.0,1090529984512.0,1109429977088.0,0,0.0,0.0
2007-08-24,1107540049920.0,1128330035200.0,1105649991680.0,1118880006144.0,0,0.0,0.0
2007-08-27,1103760064512.0,1103760064512.0,1067850006528.0,1082970013696.0,0,0.0,0.0
2007-08-28,1077299970048.0,1092419977216.0,1050840006656.0,1052729999360.0,0,0.0,0.0
2007-08-29,1067850006528.0,1107540049920.0,1047060021248.0,1103760064512.0,0,0.0,0.0
2007-08-30,1075409977344.0,1124550049792.0,1075409977344.0,1116989947904.0,0,0.0,0.0
2007-08-31,1133999947776.0,1177469976576.0,1126439976960.0,1162350034944.0,0,0.0,0.0
2007-09-04,1156679991296.0,1179360034816.0,1135890006016.0,1145340035072.0,0,0.0,0.0
2007-09-05,1130219962368.0,1173689991168.0,1094309969920.0,1145340035072.0,0,0.0,0.0
2007-09-06,1149120020480.0,1160459976704.0,1111320035328.0,1132110020608.0,0,0.0,0.0
2007-09-07,1124550049792.0,1133999947776.0,1054619992064.0,1128330035200.0,0,0.0,0.0
2007-09-10,1154790064128.0,1162350034944.0,1109429977088.0,1118880006144.0,0,0.0,0.0
2007-09-11,1122659991552.0,1122659991552.0,1101870006272.0,1120770064384.0,0,0.0,0.0
2007-09-12,1122659991552.0,1152900005888.0,1107540049920.0,1126439976960.0,0,0.0,0.0
2007-09-13,1151009947648.0,1151009947648.0,1103760064512.0,1116989947904.0,0,0.0,0.0
2007-09-14,1098090020864.0,1116989947904.0,1081080020992.0,1103760064512.0,0,0.0,0.0
2007-09-17,1094309969920.0,1094309969920.0,1048950013952.0,1071629991936.0,0,0.0,0.0
2007-09-18,1069739999232.0,1124550049792.0,1050840006656.0,1116989947904.0,0,0.0,0.0
2007-09-19,1133999947776.0,1162350034944.0,1113209962496.0,1141560049664.0,0,0.0,0.0
2007-09-20,1152900005888.0,1152900005888.0,1116989947904.0,1133999947776.0,0,0.0,0.0
2007-09-21,1137780064256.0,1143449976832.0,1118880006144.0,1137780064256.0,0,0.0,0.0
2007-09-24,1145340035072.0,1254960005120.0,1143449976832.0,1241729990656.0,0,0.0,0.0
2007-09-25,1241729990656.0,1368359960576.0,1220940005376.0,1313549975552.0,0,0.0,0.0
2007-09-26,1323000004608.0,1345680048128.0,1260630048768.0,1275749990400.0,0,0.0,0.0
2007-09-27,1285200019456.0,1372139945984.0,1266299961344.0,1353240018944.0,0,0.0,0.0
2007-09-28,1372139945984.0,1387260018688.0,1311660048384.0,1321109946368.0,0,0.0,0.0
2007-10-01,1332450033664.0,1341900062720.0,1300319961088.0,1321109946368.0,0,0.0,0.0
2007-10-02,1311660048384.0,1332450033664.0,1292759990272.0,1300319961088.0,0,0.0,0.0
2007-10-03,1307880062976.0,1311660048384.0,1266299961344.0,1288980004864.0,0,0.0,0.0
2007-10-04,1287089946624.0,1296539975680.0,1245509976064.0,1288980004864.0,0,0.0,0.0
2007-10-05,1302210019328.0,1317329960960.0,1277640048640.0,1307880062976.0,0,0.0,0.0
2007-10-08,1313549975552.0,1400490033152.0,1305990004736.0,1340010004480.0,0,0.0,0.0
2007-10-09,1357020004352.0,1366470033408.0,1304099946496.0,1323000004608.0,0,0.0,0.0
2007-10-10,1256850063360.0,1330559975424.0,1256850063360.0,1319220019200.0,0,0.0,0.0
2007-10-11,1338119946240.0,1343789989888.0,1258739990528.0,1285200019456.0,0,0.0,0.0
2007-10-12,1283309961216.0,1296539975680.0,1256850063360.0,1262519975936.0,0,0.0,0.0
2007-10-15,1262519975936.0,1304099946496.0,1228499976192.0,1237950005248.0,0,0.0,0.0
2007-10-16,1234170019840.0,1237950005248.0,1166130020352.0,1175580049408.0,0,0.0,0.0
2007-10-17,1188810063872.0,1207709990912.0,1137780064256.0,1168019947520.0,0,0.0,0.0
2007-10-18,1168019947520.0,1173689991168.0,1120770064384.0,1152900005888.0,0,0.0,0.0
2007-10-19,1152900005888.0,1162350034944.0,1105649991680.0,1122659991552.0,0,0.0,0.0
2007-10-22,1099979948032.0,1115100020736.0,1077299970048.0,1101870006272.0,0,0.0,0.0
2007-10-23,1115100020736.0,1133999947776.0,1101870006272.0,1128330035200.0,0,0.0,0.0
2007-10-24,1115100020736.0,1162350034944.0,1098090020864.0,1120770064384.0,0,0.0,0.0
2007-10-25,1118880006144.0,1120770064384.0,1081080020992.0,1096200028160.0,0,0.0,0.0
2007-10-26,1109429977088.0,1109429977088.0,1079190028288.0,1096200028160.0,0,0.0,0.0
2007-10-29,1103760064512.0,1164239962112.0,1096200028160.0,1154790064128.0,0,0.0,0.0
2007-10-30,1156679991296.0,1177469976576.0,1122659991552.0,1126439976960.0,0,0.0,0.0
2007-10-31,1126439976960.0,1164239962112.0,1124550049792.0,1143449976832.0,0,0.0,0.0
2007-11-01,1133999947776.0,1133999947776.0,1086749999104.0,1092419977216.0,0,0.0,0.0
2007-11-02,1115100020736.0,1124550049792.0,1048950013952.0,1067850006528.0,0,0.0,0.0
2007-11-05,1043279970304.0,1058399977472.0,986579992576.0,1007369977856.0,0,0.0,0.0
2007-11-06,1013040021504.0,1047060021248.0,1013040021504.0,1030050021376.0,0,0.0,0.0
2007-11-07,1039499984896.0,1048950013952.0,946890014720.0,952559992832.0,0,0.0,0.0
2007-11-08,924209971200.0,937439985664.0,833489993728.0,890189971456.0,0,0.0,0.0
2007-11-09,856169971712.0,884519993344.0,803249979392.0,818369986560.0,0,0.0,0.0
2007-11-12,810810015744.0,846720008192.0,793800015872.0,793800015872.0,0,0.0,0.0
2007-11-13,831600001024.0,846720008192.0,812700008448.0,841050030080.0,0,0.0,0.0
2007-11-14,844830015488.0,856169971712.0,816479993856.0,852389986304.0,0,0.0,0.0
2007-11-15,850499993600.0,859950022656.0,812700008448.0,814590001152.0,0,0.0,0.0
2007-11-16,822149971968.0,831600001024.0,782459994112.0,784349986816.0,0,0.0,0.0
2007-11-19,776790016000.0,780570001408.0,676620009472.0,678510002176.0,0,0.0,0.0
2007-11-20,689850023936.0,773010030592.0,689850023936.0,754109972480.0,0,0.0,0.0
2007-11-21,737099972608.0,769229979648.0,710640009216.0,718199980032.0,0,0.0,0.0
2007-11-23,733319987200.0,774900023296.0,733319987200.0,765449994240.0,0,0.0,0.0
2007-11-26,774900023296.0,801359986688.0,720089972736.0,727650009088.0,0,0.0,0.0
2007-11-27,644490002432.0,723870023680.0,595349995520.0,691740016640.0,0,0.0,0.0
2007-11-28,699299987456.0,756000030720.0,699299987456.0,746550001664.0,0,0.0,0.0
2007-11-29,744660008960.0,827820015616.0,742770016256.0,820259979264.0,0,0.0,0.0
2007-11-30,841050030080.0,867509993472.0,816479993856.0,835379986432.0,0,0.0,0.0
2007-12-03,888299978752.0,888299978752.0,767339986944.0,784349986816.0,0,0.0,0.0
2007-12-04,756000030720.0,756000030720.0,718199980032.0,720089972736.0,0,0.0,0.0
2007-12-05,574560010240.0,640710017024.0,572670017536.0,606690017280.0,0,0.0,0.0
2007-12-06,642600009728.0,695520002048.0,618029973504.0,691740016640.0,0,0.0,0.0
2007-12-07,729540001792.0,731429994496.0,661500002304.0,676620009472.0,0,0.0,0.0
2007-12-10,687960031232.0,708750016512.0,663389995008.0,686069972992.0,0,0.0,0.0
2007-12-11,699299987456.0,708750016512.0,633149980672.0,644490002432.0,0,0.0,0.0
2007-12-12,667169980416.0,684179980288.0,631259987968.0,636930031616.0,0,0.0,0.0
2007-12-13,642600009728.0,680399994880.0,619920031744.0,648269987840.0,0,0.0,0.0
2007-12-14,661500002304.0,676620009472.0,631259987968.0,674730016768.0,0,0.0,0.0
2007-12-17,663389995008.0,682289987584.0,633149980672.0,640710017024.0,0,0.0,0.0
2007-12-18,648269987840.0,661500002304.0,638820024320.0,646379995136.0,0,0.0,0.0
2007-12-19,642600009728.0,691740016640.0,642600009728.0,678510002176.0,0,0.0,0.0
2007-12-20,691740016640.0,714419994624.0,661500002304.0,686069972992.0,0,0.0,0.0
2007-12-21,706860023808.0,718199980032.0,674730016768.0,687960031232.0,0,0.0,0.0
2007-12-24,701189980160.0,701189980160.0,680399994880.0,687960031232.0,0,0.0,0.0
2007-12-26,680399994880.0,689850023936.0,665279987712.0,682289987584.0,0,0.0,0.0
2007-12-27,686069972992.0,689850023936.0,663389995008.0,670950031360.0,0,0.0,0.0
2007-12-28,667169980416.0,669059973120.0,644490002432.0,644490002432.0,0,0.0,0.0
2007-12-31,635039973376.0,642600009728.0,614249988096.0,631259987968.0,0,0.0,0.0
2008-01-02,636930031616.0,661500002304.0,625590009856.0,636930031616.0,0,0.0,0.0
2008-01-03,623700017152.0,670950031360.0,614249988096.0,669059973120.0,0,0.0,0.0
2008-01-04,669059973120.0,670950031360.0,623700017152.0,627480002560.0,0,0.0,0.0
2008-01-07,623700017152.0,636930031616.0,589680017408.0,593460002816.0,0,0.0,0.0
2008-01-08,618029973504.0,631259987968.0,599129980928.0,606690017280.0,0,0.0,0.0
2008-01-09,618029973504.0,629369995264.0,597239988224.0,621810024448.0,0,0.0,0.0
2008-01-10,606690017280.0,619920031744.0,570780024832.0,585900032000.0,0,0.0,0.0
2008-01-11,574560010240.0,601019973632.0,572670017536.0,574560010240.0,0,0.0,0.0
2008-01-14,576450002944.0,612359995392.0,568890032128.0,568890032128.0,0,0.0,0.0
2008-01-15,566999973888.0,570780024832.0,481950007296.0,534869999616.0,0,0.0,0.0
2008-01-16,512189988864.0,529199988736.0,457380003840.0,478169989120.0,0,0.0,0.0
2008-01-17,481950007296.0,500849999872.0,470609985536.0,472500011008.0,0,0.0,0.0
2008-01-18,523530010624.0,529199988736.0,438480011264.0,459269996544.0,0,0.0,0.0
2008-01-22,449820000256.0,449820000256.0,381780000768.0,421470011392.0,0,0.0,0.0
2008-01-23,451709992960.0,451709992960.0,406350004224.0,427139989504.0,0,0.0,0.0
2008-01-24,444149989376.0,457380003840.0,413910007808.0,432810000384.0,0,0.0,0.0
2008-01-25,447930007552.0,527309996032.0,444149989376.0,487619985408.0,0,0.0,0.0
2008-01-28,481950007296.0,521639985152.0,466830000128.0,491400003584.0,0,0.0,0.0
2008-01-29,510299996160.0,568890032128.0,510299996160.0,534869999616.0,0,0.0,0.0
2008-01-30,540540010496.0,551880032256.0,532980006912.0,544319995904.0,0,0.0,0.0
2008-01-31,548100014080.0,584009973760.0,532980006912.0,584009973760.0,0,0.0,0.0
2008-02-01,595349995520.0,595349995520.0,502739992576.0,548100014080.0,0,0.0,0.0
2008-02-04,551880032256.0,555660017664.0,536759992320.0,540540010496.0,0,0.0,0.0
2008-02-05,548100014080.0,549989974016.0,519749992448.0,548100014080.0,0,0.0,0.0
2008-02-06,555660017664.0,555660017664.0,510299996160.0,521639985152.0,0,0.0,0.0
2008-02-07,517859999744.0,532980006912.0,515970007040.0,521639985152.0,0,0.0,0.0
2008-02-08,510299996160.0,519749992448.0,493289996288.0,498960007168.0,0,0.0,0.0
2008-02-11,498960007168.0,548100014080.0,480060014592.0,527309996032.0,0,0.0,0.0
2008-02-12,529199988736.0,559440003072.0,515970007040.0,517859999744.0,0,0.0,0.0
2008-02-13,517859999744.0,551880032256.0,517859999744.0,540540010496.0,0,0.0,0.0
2008-02-14,546209988608.0,597239988224.0,546209988608.0,580229988352.0,0,0.0,0.0
2008-02-15,595349995520.0,619920031744.0,565109981184.0,593460002816.0,0,0.0,0.0
2008-02-19,610470002688.0,621810024448.0,580229988352.0,597239988224.0,0,0.0,0.0
2008-02-20,587790024704.0,599129980928.0,566999973888.0,585900032000.0,0,0.0,0.0
2008-02-21,585900032000.0,604800024576.0,570780024832.0,582119981056.0,0,0.0,0.0
2008-02-22,578339995648.0,602910031872.0,559440003072.0,572670017536.0,0,0.0,0.0
2008-02-25,559440003072.0,587790024704.0,559440003072.0,576450002944.0,0,0.0,0.0
2008-02-26,559440003072.0,578339995648.0,559440003072.0,561329995776.0,0,0.0,0.0
2008-02-27,565109981184.0,566999973888.0,548100014080.0,549989974016.0,0,0.0,0.0
2008-02-28,540540010496.0,555660017664.0,532980006912.0,534869999616.0,0,0.0,0.0
2008-02-29,529199988736.0,549989974016.0,514080014336.0,519749992448.0,0,0.0,0.0
2008-03-03,504629985280.0,523530010624.0,504629985280.0,510299996160.0,0,0.0,0.0
2008-03-04,500849999872.0,506520010752.0,480060014592.0,493289996288.0,0,0.0,0.0
2008-03-05,487619985408.0,506520010752.0,485729992704.0,493289996288.0,0,0.0,0.0
2008-03-06,493289996288.0,495179988992.0,455490011136.0,463050014720.0,0,0.0,0.0
2008-03-07,463050014720.0,491400003584.0,430920007680.0,453599985664.0,0,0.0,0.0
2008-03-10,459269996544.0,472500011008.0,425249996800.0,468719992832.0,0,0.0,0.0
2008-03-11,481950007296.0,491400003584.0,472500011008.0,481950007296.0,0,0.0,0.0
2008-03-12,481950007296.0,491400003584.0,455490011136.0,480060014592.0,0,0.0,0.0
2008-03-13,453599985664.0,476279996416.0,429030014976.0,457380003840.0,0,0.0,0.0
2008-03-14,447930007552.0,483840000000.0,447930007552.0,449820000256.0,0,0.0,0.0
2008-03-17,434699993088.0,455490011136.0,429030014976.0,438480011264.0,0,0.0,0.0
2008-03-18,444149989376.0,463050014720.0,444149989376.0,455490011136.0,0,0.0,0.0
2008-03-19,472500011008.0,525420003328.0,430920007680.0,464940007424.0,0,0.0,0.0
2008-03-20,472500011008.0,497700012032.0,441000001536.0,490140008448.0,0,0.0,0.3333333333333333
2008-03-24,509669998592.0,528569991168.0,497700012032.0,499590004736.0,0,0.0,0.0
2008-03-25,525420003328.0,526050000896.0,507780005888.0,526050000896.0,0,0.0,0.0
2008-03-26,505890013184.0,598499983360.0,505890013184.0,573930012672.0,0,0.0,0.0
2008-03-27,576450002944.0,603540029440.0,514710011904.0,524790005760.0,0,0.0,0.0
2008-03-28,507150008320.0,577709998080.0,507150008320.0,553140027392.0,0,0.0,0.0
2008-03-31,573300015104.0,573930012672.0,522270015488.0,522270015488.0,0,0.0,0.0
2008-04-01,519749992448.0,546839986176.0,519749992448.0,520379990016.0,0,0.0,0.0
2008-04-02,516600004608.0,545579991040.0,503999987712.0,503999987712.0,0,0.0,0.0
2008-04-03,510299996160.0,525420003328.0,507150008320.0,515340009472.0,0,0.0,0.0
2008-04-04,515340009472.0,525420003328.0,495179988992.0,516600004608.0,0,0.0,0.0
2008-04-07,491400003584.0,519119994880.0,491400003584.0,519119994880.0,0,0.0,0.0
2008-04-08,508410003456.0,522270015488.0,508410003456.0,508410003456.0,0,0.0,0.0
2008-04-09,516600004608.0,519749992448.0,491400003584.0,492659998720.0,0,0.0,0.0
2008-04-10,494549991424.0,503999987712.0,488250015744.0,500849999872.0,0,0.0,0.0
2008-04-11,492030001152.0,509669998592.0,485099995136.0,485099995136.0,0,0.0,0.0
2008-04-14,473130008576.0,500220002304.0,473130008576.0,486359990272.0,0,0.0,0.0
2008-04-15,481320009728.0,509669998592.0,472500011008.0,503999987712.0,0,0.0,0.0
2008-04-16,510299996160.0,529199988736.0,503369990144.0,525420003328.0,0,0.0,0.0
2008-04-17,517230002176.0,548100014080.0,514080014336.0,532350009344.0,0,0.0,0.0
2008-04-18,512189988864.0,543060000768.0,512189988864.0,524160008192.0,0,0.0,0.0
2008-04-21,553770024960.0,566369976320.0,532980006912.0,536759992320.0,0,0.0,0.0
2008-04-22,550619971584.0,551249969152.0,517859999744.0,527939993600.0,0,0.0,0.0
2008-04-23,530459983872.0,535499997184.0,516600004608.0,521639985152.0,0,0.0,0.0
2008-04-24,522900013056.0,535499997184.0,513449984000.0,528569991168.0,0,0.0,0.0
2008-04-25,531090014208.0,543060000768.0,524790005760.0,536759992320.0,0,0.0,0.0
2008-04-28,549360009216.0,549360009216.0,530459983872.0,538019987456.0,0,0.0,0.0
2008-04-29,528569991168.0,539280015360.0,517230002176.0,518489997312.0,0,0.0,0.0
2008-04-30,519749992448.0,529829986304.0,519749992448.0,524790005760.0,0,0.0,0.0
2008-05-01,519749992448.0,534869999616.0,512189988864.0,526050000896.0,0,0.0,0.0
2008-05-02,512189988864.0,534240002048.0,512189988864.0,521639985152.0,0,0.0,0.0
2008-05-05,519749992448.0,526679998464.0,513449984000.0,521639985152.0,0,0.0,0.0
2008-05-06,528569991168.0,528569991168.0,512819986432.0,515970007040.0,0,0.0,0.0
2008-05-07,512189988864.0,520379990016.0,494549991424.0,505260015616.0,0,0.0,0.0
2008-05-08,505260015616.0,516600004608.0,503999987712.0,505890013184.0,0,0.0,0.0
2008-05-09,504629985280.0,531090014208.0,504629985280.0,517230002176.0,0,0.0,0.0
2008-05-12,504629985280.0,534869999616.0,504629985280.0,529829986304.0,0,0.0,0.0
2008-05-13,535499997184.0,540540010496.0,520379990016.0,540540010496.0,0,0.0,0.0
2008-05-14,537389989888.0,561329995776.0,537389989888.0,555030020096.0,0,0.0,0.0
2008-05-15,552510029824.0,572670017536.0,552510029824.0,568890032128.0,0,0.0,0.0
2008-05-16,579599990784.0,579599990784.0,560699998208.0,570150027264.0,0,0.0,0.0
2008-05-19,566999973888.0,597869985792.0,566999973888.0,571410022400.0,0,0.0,0.0
2008-05-20,567629971456.0,653309968384.0,566999973888.0,647639990272.0,0,0.0,0.0
2008-05-21,658350014464.0,674100019200.0,626220007424.0,628739997696.0,0,0.0,0.0
2008-05-22,628110000128.0,640710017024.0,598499983360.0,617399975936.0,0,0.0,0.0
2008-05-23,571410022400.0,619289968640.0,571410022400.0,592200007680.0,0,0.0,0.0
2008-05-27,572670017536.0,607320014848.0,572670017536.0,582749978624.0,0,0.0,0.0
2008-05-28,582749978624.0,596609990656.0,560070000640.0,561329995776.0,0,0.0,0.0
2008-05-29,566369976320.0,572670017536.0,560699998208.0,565739978752.0,0,0.0,0.0
2008-05-30,587790024704.0,587790024704.0,560070000640.0,560070000640.0,0,0.0,0.0
2008-06-02,586530029568.0,586530029568.0,544319995904.0,554400022528.0,0,0.0,0.0
2008-06-03,554400022528.0,557550010368.0,543689998336.0,555030020096.0,0,0.0,0.0
2008-06-04,551249969152.0,561959993344.0,548100014080.0,561329995776.0,0,0.0,0.0
2008-06-05,561959993344.0,569520029696.0,543689998336.0,557550010368.0,0,0.0,0.0
2008-06-06,540540010496.0,550619971584.0,530459983872.0,544319995904.0,0,0.0,0.0
2008-06-09,553770024960.0,553770024960.0,516600004608.0,526050000896.0,0,0.0,0.0
2008-06-10,516600004608.0,526679998464.0,494549991424.0,513449984000.0,0,0.0,0.0
2008-06-11,510929993728.0,513449984000.0,478799986688.0,481950007296.0,0,0.0,0.0
2008-06-12,467459997696.0,472500011008.0,428399984640.0,434069995520.0,0,0.0,0.0
2008-06-13,439110008832.0,444149989376.0,436589985792.0,436589985792.0,0,0.0,0.0
2008-06-16,441000001536.0,457380003840.0,421470011392.0,440370003968.0,0,0.0,0.0
2008-06-17,439740006400.0,441000001536.0,414540005376.0,430290010112.0,0,0.0,0.0
2008-06-18,438480011264.0,438480011264.0,417059995648.0,422100008960.0,0,0.0,0.0
2008-06-19,420210016256.0,431550005248.0,416429998080.0,419579985920.0,0,0.0,0.0
2008-06-20,418949988352.0,425249996800.0,409499992064.0,410129989632.0,0,0.0,0.0
2008-06-23,412650012672.0,445409984512.0,412650012672.0,442259996672.0,0,0.0,0.0
2008-06-24,437850013696.0,437850013696.0,416429998080.0,419579985920.0,0,0.0,0.0
2008-06-25,425249996800.0,442889994240.0,424619999232.0,430290010112.0,0,0.0,0.0
2008-06-26,429660012544.0,444149989376.0,412650012672.0,441000001536.0,0,0.0,0.0
2008-06-27,442259996672.0,444149989376.0,420210016256.0,420840013824.0,0,0.0,0.0
2008-06-30,418319990784.0,422100008960.0,403200016384.0,403200016384.0,0,0.0,0.0
2008-07-01,403200016384.0,423990001664.0,388080009216.0,390599999488.0,0,0.0,0.0
2008-07-02,390599999488.0,397530005504.0,372960002048.0,378000015360.0,0,0.0,0.0
2008-07-03,378000015360.0,381150003200.0,363510005760.0,365399998464.0,0,0.0,0.0
2008-07-07,364770000896.0,379890008064.0,344610013184.0,351539986432.0,0,0.0,0.0
2008-07-08,349019996160.0,366659993600.0,330120003584.0,362880008192.0,0,0.0,0.0
2008-07-09,363510005760.0,363510005760.0,326339985408.0,326339985408.0,0,0.0,0.0
2008-07-10,327600013312.0,327600013312.0,308699987968.0,324449992704.0,0,0.0,0.0
2008-07-11,317519986688.0,327600013312.0,310590013440.0,321930002432.0,0,0.0,0.0
2008-07-14,321930002432.0,403200016384.0,321930002432.0,397530005504.0,0,0.0,0.0
2008-07-15,391859994624.0,391859994624.0,351539986432.0,364140003328.0,0,0.0,0.0
2008-07-16,362250010624.0,381150003200.0,362250010624.0,373589999616.0,0,0.0,0.0
2008-07-17,373589999616.0,379260010496.0,369179983872.0,373589999616.0,0,0.0,0.0
2008-07-18,369810014208.0,382409998336.0,367289991168.0,367919988736.0,0,0.0,0.0
2008-07-21,367289991168.0,375479992320.0,364140003328.0,364770000896.0,0,0.0,0.0
2008-07-22,364770000896.0,365399998464.0,359099990016.0,359099990016.0,0,0.0,0.0
2008-07-23,321300004864.0,350279991296.0,321300004864.0,350279991296.0,0,0.0,0.0
2008-07-24,360990015488.0,360990015488.0,334529986560.0,342089990144.0,0,0.0,0.0
2008-07-25,357209997312.0,357209997312.0,335790014464.0,346500005888.0,0,0.0,0.0
2008-07-28,366659993600.0,368549986304.0,336420012032.0,340199997440.0,0,0.0,0.0
2008-07-29,346500005888.0,346500005888.0,314999996416.0,338310004736.0,0,0.0,0.0
2008-07-30,331379998720.0,340199997440.0,328230010880.0,328860008448.0,0,0.0,0.0
2008-07-31,330750001152.0,332639993856.0,309329985536.0,325079990272.0,0,0.0,0.0
2008-08-01,325079990272.0,325079990272.0,299249991680.0,313110003712.0,0,0.0,0.0
2008-08-04,317519986688.0,317519986688.0,308069990400.0,310590013440.0,0,0.0,0.0
2008-08-05,310590013440.0,313110003712.0,289169997824.0,291689988096.0,0,0.0,0.0
2008-08-06,289799995392.0,300509986816.0,274680004608.0,299249991680.0,0,0.0,0.0
2008-08-07,299249991680.0,301139984384.0,285390012416.0,299249991680.0,0,0.0,0.0
2008-08-08,280979996672.0,308699987968.0,280979996672.0,304920002560.0,0,0.0,0.0
2008-08-11,302400012288.0,310590013440.0,301139984384.0,308069990400.0,0,0.0,0.0
2008-08-12,304920002560.0,314999996416.0,298619994112.0,313110003712.0,0,0.0,0.0
2008-08-13,314369998848.0,314999996416.0,311220011008.0,314369998848.0,0,0.0,0.0
2008-08-14,314999996416.0,314999996416.0,293580013568.0,297989996544.0,0,0.0,0.0
2008-08-15,303030009856.0,303030009856.0,280979996672.0,284129984512.0,0,0.0,0.0
2008-08-18,291059990528.0,299879989248.0,291059990528.0,299879989248.0,0,0.0,0.0
2008-08-19,296730001408.0,301770014720.0,289169997824.0,291059990528.0,0,0.0,0.0
2008-08-20,292950016000.0,292950016000.0,284760014848.0,286650007552.0,0,0.0,0.0
2008-08-21,283499986944.0,292950016000.0,280349999104.0,281609994240.0,0,0.0,0.0
2008-08-22,280349999104.0,292950016000.0,280349999104.0,291059990528.0,0,0.0,0.0
2008-08-25,284129984512.0,288540000256.0,279720001536.0,282869989376.0,0,0.0,0.0
2008-08-26,291059990528.0,309960015872.0,280349999104.0,288540000256.0,0,0.0,0.0
2008-08-27,285390012416.0,343349985280.0,285390012416.0,316259991552.0,0,0.0,0.0
2008-08-28,314999996416.0,334529986560.0,313740001280.0,328860008448.0,0,0.0,0.0
2008-08-29,325709987840.0,332009996288.0,308699987968.0,330750001152.0,0,0.0,0.0
2008-09-02,330750001152.0,344610013184.0,317519986688.0,320040009728.0,0,0.0,0.0
2008-09-03,316889989120.0,342089990144.0,292950016000.0,328860008448.0,0,0.0,0.0
2008-09-04,335159984128.0,339569999872.0,321300004864.0,329490006016.0,0,0.0,0.0
2008-09-05,326339985408.0,326339985408.0,304290004992.0,312480006144.0,0,0.0,0.0
2008-09-08,314369998848.0,328230010880.0,314369998848.0,321930002432.0,0,0.0,0.0
2008-09-09,317519986688.0,317519986688.0,300509986816.0,303030009856.0,0,0.0,0.0
2008-09-10,301770014720.0,304920002560.0,295470006272.0,301770014720.0,0,0.0,0.0
2008-09-11,297359998976.0,299249991680.0,288540000256.0,297359998976.0,0,0.0,0.0
2008-09-12,294210011136.0,297359998976.0,294210011136.0,295470006272.0,0,0.0,0.0
2008-09-15,289169997824.0,295470006272.0,268379996160.0,294210011136.0,0,0.0,0.0
2008-09-16,296100003840.0,297359998976.0,275940016128.0,286020009984.0,0,0.0,0.0
2008-09-17,274050007040.0,289799995392.0,253260005376.0,272159997952.0,0,0.0,0.0
2008-09-18,268379996160.0,306179997696.0,264599994368.0,302400012288.0,0,0.0,0.0
2008-09-19,306809995264.0,313740001280.0,275309985792.0,278460006400.0,0,0.0,0.0
2008-09-22,283499986944.0,283499986944.0,253260005376.0,261450006528.0,0,0.0,0.0
2008-09-23,267749998592.0,273419993088.0,251369996288.0,253890002944.0,0,0.0,0.0
2008-09-24,260819992576.0,269640007680.0,239399993344.0,240030007296.0,0,0.0,0.0
2008-09-25,292950016000.0,342089990144.0,279090003968.0,325709987840.0,0,0.0,0.0
2008-09-26,321300004864.0,321300004864.0,303030009856.0,308699987968.0,0,0.0,0.0
2008-09-29,313740001280.0,313740001280.0,221129998336.0,251999993856.0,0,0.0,0.0
2008-09-30,258929999872.0,313110003712.0,233100001280.0,292319985664.0,0,0.0,0.0
2008-10-01,292319985664.0,306809995264.0,277200011264.0,278460006400.0,0,0.0,0.0
2008-10-02,284760014848.0,289799995392.0,264599994368.0,280979996672.0,0,0.0,0.0
2008-10-03,283499986944.0,296100003840.0,282239991808.0,293580013568.0,0,0.0,0.0
2008-10-06,284129984512.0,284129984512.0,252630007808.0,265860005888.0,0,0.0,0.0
2008-10-07,274680004608.0,274680004608.0,215460003840.0,215460003840.0,0,0.0,0.0
2008-10-08,206640005120.0,207270002688.0,165060001792.0,171359993856.0,0,0.0,0.0
2008-10-09,175139995648.0,209789992960.0,175139995648.0,189000007680.0,0,0.0,0.0
2008-10-10,167579992064.0,171359993856.0,94500003840.0,139230003200.0,0,0.0,0.0
2008-10-13,141749993472.0,181440004096.0,141749993472.0,156240003072.0,0,0.0,0.0
2008-10-14,165060001792.0,178919997440.0,159390007296.0,159390007296.0,0,0.0,0.0
2008-10-15,161909997568.0,161909997568.0,148050001920.0,154349993984.0,0,0.0,0.0
2008-10-16,154349993984.0,157499998208.0,146159992832.0,156870000640.0,0,0.0,0.0
2008-10-17,149309997056.0,157499998208.0,141119995904.0,151830003712.0,0,0.0,0.0
2008-10-20,156870000640.0,159390007296.0,153089998848.0,155610005504.0,0,0.0,0.0
2008-10-21,144899997696.0,154349993984.0,144899997696.0,153089998848.0,0,0.0,0.0
2008-10-22,148050001920.0,148050001920.0,139230003200.0,143010004992.0,0,0.0,0.0
2008-10-23,141749993472.0,147420004352.0,131669999616.0,131669999616.0,0,0.0,0.0
2008-10-24,114659999744.0,122220003328.0,78749999104.0,114030002176.0,0,0.0,0.0
2008-10-27,102059999232.0,111510003712.0,95759998976.0,102059999232.0,0,0.0,0.0
2008-10-28,102059999232.0,102059999232.0,83789996032.0,88200003584.0,0,0.0,0.0
2008-10-29,94500003840.0,107099996160.0,90089996288.0,94500003840.0,0,0.0,0.0
2008-10-30,98279997440.0,100169998336.0,91349999616.0,94500003840.0,0,0.0,0.0
2008-10-31,101430001664.0,117810003968.0,100169998336.0,107099996160.0,0,0.0,0.0
2008-11-03,115920003072.0,116550000640.0,107099996160.0,107099996160.0,0,0.0,0.0
2008-11-04,110250000384.0,116550000640.0,110250000384.0,112140001280.0,0,0.0,0.0
2008-11-05,112769998848.0,120330002432.0,109620002816.0,117810003968.0,0,0.0,0.0
2008-11-06,124109996032.0,143640002560.0,98279997440.0,106469998592.0,0,0.0,0.0
2008-11-07,106469998592.0,107099996160.0,103950000128.0,104579997696.0,0,0.0,0.0
2008-11-10,102689996800.0,126630002688.0,97020002304.0,107099996160.0,0,0.0,0.0
2008-11-11,160020004864.0,160020004864.0,100169998336.0,100800004096.0,0,0.0,0.0
2008-11-12,110250000384.0,110250000384.0,90089996288.0,94500003840.0,0,0.0,0.0
2008-11-13,103950000128.0,114659999744.0,95130001408.0,98279997440.0,0,0.0,0.0
2008-11-14,102689996800.0,122220003328.0,100800004096.0,117810003968.0,0,0.0,0.0
2008-11-17,113399996416.0,132299997184.0,110250000384.0,128520003584.0,0,0.0,0.0
2008-11-18,125999996928.0,129150001152.0,117810003968.0,119069999104.0,0,0.0,0.0
2008-11-19,110250000384.0,124740001792.0,110250000384.0,119699996672.0,0,0.0,0.0
2008-11-20,119699996672.0,119699996672.0,105840001024.0,114030002176.0,0,0.0,0.0
2008-11-21,111510003712.0,123479998464.0,111510003712.0,119699996672.0,0,0.0,0.0
2008-11-24,115289997312.0,123479998464.0,115289997312.0,119699996672.0,0,0.0,0.0
2008-11-25,110250000384.0,124740001792.0,110250000384.0,122850000896.0,0,0.0,0.0
2008-11-26,118440001536.0,127260000256.0,118440001536.0,120330002432.0,0,0.0,0.0
2008-11-28,124109996032.0,124740001792.0,113399996416.0,122850000896.0,0,0.0,0.0
2008-12-01,116550000640.0,122220003328.0,113399996416.0,120330002432.0,0,0.0,0.0
2008-12-02,107730001920.0,119699996672.0,107730001920.0,115920003072.0,0,0.0,0.0
2008-12-03,110250000384.0,117810003968.0,107099996160.0,114030002176.0,0,0.0,0.0
2008-12-04,112769998848.0,113399996416.0,105840001024.0,107099996160.0,0,0.0,0.0
2008-12-05,102689996800.0,106469998592.0,102689996800.0,106469998592.0,0,0.0,0.0
2008-12-08,105840001024.0,119069999104.0,105840001024.0,113399996416.0,0,0.0,0.0
2008-12-09,109620002816.0,130409996288.0,109620002816.0,119699996672.0,0,0.0,0.0
2008-12-10,126630002688.0,147420004352.0,116550000640.0,125369999360.0,0,0.0,0.0
2008-12-11,121589997568.0,122850000896.0,110250000384.0,112140001280.0,0,0.0,0.0
2008-12-12,100800004096.0,110879997952.0,100800004096.0,107099996160.0,0,0.0,0.0
2008-12-15,112769998848.0,113399996416.0,97649999872.0,102059999232.0,0,0.0,0.0
2008-12-16,104579997696.0,110250000384.0,98279997440.0,105840001024.0,0,0.0,0.0
2008-12-17,109620002816.0,114659999744.0,103320002560.0,113399996416.0,0,0.0,0.0
2008-12-18,124740001792.0,124740001792.0,94500003840.0,100800004096.0,0,0.0,0.0
2008-12-19,117810003968.0,117810003968.0,97649999872.0,98279997440.0,0,0.0,0.0
2008-12-22,114659999744.0,115289997312.0,99540000768.0,101430001664.0,0,0.0,0.0
2008-12-23,99540000768.0,120960000000.0,95759998976.0,114659999744.0,0,0.0,0.0
2008-12-24,114659999744.0,117179998208.0,113399996416.0,114659999744.0,0,0.0,0.0
2008-12-26,97020002304.0,114659999744.0,97020002304.0,110879997952.0,0,0.0,0.0
2008-12-29,107099996160.0,110250000384.0,103950000128.0,105210003456.0,0,0.0,0.0
2008-12-30,113399996416.0,116550000640.0,99540000768.0,107730001920.0,0,0.0,0.0
2008-12-31,95759998976.0,107099996160.0,95759998976.0,102689996800.0,0,0.0,0.0
2009-01-02,103950000128.0,119699996672.0,103950000128.0,119699996672.0,0,0.0,0.0
2009-01-05,115289997312.0,121589997568.0,112769998848.0,117179998208.0,0,0.0,0.0
2009-01-06,117810003968.0,124740001792.0,117179998208.0,120330002432.0,0,0.0,0.0
2009-01-07,117810003968.0,119699996672.0,110250000384.0,116550000640.0,0,0.0,0.0
2009-01-08,117810003968.0,142380007424.0,117179998208.0,141749993472.0,0,0.0,0.0
2009-01-09,144899997696.0,152460001280.0,128520003584.0,144270000128.0,0,0.0,0.0
2009-01-12,141749993472.0,141749993472.0,132930002944.0,141119995904.0,0,0.0,0.0
2009-01-13,141119995904.0,146790006784.0,132930002944.0,144899997696.0,0,0.0,0.0
2009-01-14,133560000512.0,144270000128.0,133560000512.0,135450001408.0,0,0.0,0.0
2009-01-15,137970008064.0,139860000768.0,124109996032.0,136709996544.0,0,0.0,0.0
2009-01-16,133560000512.0,137970008064.0,129779998720.0,131040002048.0,0,0.0,0.0
2009-01-20,126630002688.0,141749993472.0,124109996032.0,124109996032.0,0,0.0,0.0
2009-01-21,125369999360.0,139860000768.0,125369999360.0,136709996544.0,0,0.0,0.0
2009-01-22,135450001408.0,135450001408.0,125369999360.0,127260000256.0,0,0.0,0.0
2009-01-23,131669999616.0,141749993472.0,128520003584.0,136079998976.0,0,0.0,0.0
2009-01-26,139230003200.0,139230003200.0,127260000256.0,131040002048.0,0,0.0,0.0
2009-01-27,127260000256.0,137340002304.0,105840001024.0,129150001152.0,0,0.0,0.0
2009-01-28,132299997184.0,132299997184.0,122220003328.0,129150001152.0,0,0.0,0.0
2009-01-29,124740001792.0,128520003584.0,123479998464.0,125999996928.0,0,0.0,0.0
2009-01-30,124109996032.0,125999996928.0,114659999744.0,115289997312.0,0,0.0,0.0
2009-02-02,110879997952.0,119069999104.0,110879997952.0,114659999744.0,0,0.0,0.0
2009-02-03,121589997568.0,122220003328.0,112140001280.0,114659999744.0,0,0.0,0.0
2009-02-04,114659999744.0,114659999744.0,110250000384.0,114030002176.0,0,0.0,0.0
2009-02-05,119699996672.0,119699996672.0,109620002816.0,112769998848.0,0,0.0,0.0
2009-02-06,108989997056.0,116550000640.0,105210003456.0,107730001920.0,0,0.0,0.0
2009-02-09,107099996160.0,115920003072.0,105210003456.0,115920003072.0,0,0.0,0.0
2009-02-10,114659999744.0,114659999744.0,105840001024.0,107730001920.0,0,0.0,0.0
2009-02-11,110250000384.0,110250000384.0,105210003456.0,106469998592.0,0,0.0,0.0
2009-02-12,107099996160.0,107099996160.0,96389996544.0,105840001024.0,0,0.0,0.0
2009-02-13,103320002560.0,107099996160.0,100800004096.0,107099996160.0,0,0.0,0.0
2009-02-17,102059999232.0,128520003584.0,98910003200.0,125999996928.0,0,0.0,0.0
2009-02-18,122850000896.0,124109996032.0,113399996416.0,113399996416.0,0,0.0,0.0
2009-02-19,124109996032.0,124109996032.0,109620002816.0,109620002816.0,0,0.0,0.0
2009-02-20,98910003200.0,100800004096.0,94500003840.0,95130001408.0,0,0.0,0.0
2009-02-23,100169998336.0,100169998336.0,86940000256.0,88200003584.0,0,0.0,0.0
2009-02-24,99540000768.0,99540000768.0,92610002944.0,92610002944.0,0,0.0,0.0
2009-02-25,97649999872.0,99540000768.0,88200003584.0,89459998720.0,0,0.0,0.0
2009-02-26,98910003200.0,98910003200.0,90089996288.0,91349999616.0,0,0.0,0.0
2009-02-27,88200003584.0,91979997184.0,79379996672.0,79379996672.0,0,0.0,0.0
2009-03-02,78749999104.0,78749999104.0,64260001792.0,64260001792.0,0,0.0,0.0
2009-03-03,62999998464.0,62999998464.0,53549998080.0,58589999104.0,0,0.0,0.0
2009-03-04,58589999104.0,64889999360.0,51029999616.0,55439998976.0,0,0.0,0.0
2009-03-05,61739999232.0,61739999232.0,50400002048.0,55439998976.0,0,0.0,0.0
2009-03-06,59849998336.0,59849998336.0,42210000896.0,48510001152.0,0,0.0,0.0
2009-03-09,48510001152.0,52289998848.0,48510001152.0,51660001280.0,0,0.0,0.0
2009-03-10,44100001792.0,56699998208.0,44100001792.0,56699998208.0,0,0.0,0.0
2009-03-11,56699998208.0,57329999872.0,55439998976.0,57329999872.0,0,0.0,0.0
2009-03-12,57960001536.0,59849998336.0,51660001280.0,51660001280.0,0,0.0,0.0
2009-03-13,59220000768.0,59849998336.0,45989998592.0,56699998208.0,0,0.0,0.0
2009-03-16,66149998592.0,66149998592.0,49770000384.0,56699998208.0,0,0.0,0.0
2009-03-17,65520001024.0,65520001024.0,59849998336.0,63630000128.0,0,0.0,0.0
2009-03-18,66149998592.0,66149998592.0,52289998848.0,56070000640.0,0,0.0,0.0
2009-03-19,52289998848.0,62999998464.0,51660001280.0,62370000896.0,0,0.0,0.0
2009-03-20,62370000896.0,62370000896.0,56699998208.0,56699998208.0,0,0.0,0.0
2009-03-23,62370000896.0,62370000896.0,56699998208.0,57329999872.0,0,0.0,0.0
2009-03-24,59849998336.0,61739999232.0,53549998080.0,61110001664.0,0,0.0,0.0
2009-03-25,61110001664.0,61110001664.0,54810001408.0,54810001408.0,0,0.0,0.0
2009-03-26,61110001664.0,61110001664.0,59220000768.0,59220000768.0,0,0.0,0.0
2009-03-27,62370000896.0,68039999488.0,57329999872.0,68039999488.0,0,0.0,0.0
2009-03-30,68670001152.0,68670001152.0,54810001408.0,62999998464.0,0,0.0,0.0
2009-03-31,62999998464.0,62999998464.0,57329999872.0,61739999232.0,0,0.0,0.0
2009-04-01,61739999232.0,62999998464.0,59849998336.0,61739999232.0,0,0.0,0.0
2009-04-02,91349999616.0,91349999616.0,69930000384.0,72449998848.0,0,0.0,0.0
2009-04-03,72449998848.0,73710002176.0,70559997952.0,72449998848.0,0,0.0,0.0
2009-04-06,70559997952.0,73079996416.0,67410001920.0,68039999488.0,0,0.0,0.0
2009-04-07,68039999488.0,68670001152.0,62370000896.0,64889999360.0,0,0.0,0.0
2009-04-08,69300002816.0,69300002816.0,66780000256.0,68039999488.0,0,0.0,0.0
2009-04-09,68039999488.0,75600003072.0,67410001920.0,72449998848.0,0,0.0,0.0
2009-04-13,80640000000.0,84420001792.0,77490003968.0,84420001792.0,0,0.0,0.0
2009-04-14,81900003328.0,94500003840.0,80640000000.0,91979997184.0,0,0.0,0.0
2009-04-15,93869998080.0,95130001408.0,93240000512.0,94500003840.0,0,0.0,0.0
2009-04-16,100800004096.0,100800004096.0,91349999616.0,93869998080.0,0,0.0,0.0
2009-04-17,100169998336.0,111510003712.0,91349999616.0,103950000128.0,0,0.0,0.0
2009-04-20,105840001024.0,107730001920.0,95130001408.0,95130001408.0,0,0.0,0.0
2009-04-21,91349999616.0,99540000768.0,91349999616.0,95759998976.0,0,0.0,0.0
2009-04-22,112769998848.0,112769998848.0,93240000512.0,97649999872.0,0,0.0,0.0
2009-04-23,97649999872.0,99540000768.0,91979997184.0,94500003840.0,0,0.0,0.0
2009-04-24,88200003584.0,102059999232.0,88200003584.0,98910003200.0,0,0.0,0.0
2009-04-27,100800004096.0,103320002560.0,97020002304.0,97649999872.0,0,0.0,0.0
2009-04-28,94500003840.0,95130001408.0,94500003840.0,94500003840.0,0,0.0,0.0
2009-04-29,95759998976.0,97649999872.0,95759998976.0,95759998976.0,0,0.0,0.0
2009-04-30,97649999872.0,97649999872.0,96389996544.0,97020002304.0,0,0.0,0.0
2009-05-01,106469998592.0,106469998592.0,96389996544.0,98279997440.0,0,0.0,0.0
2009-05-04,102689996800.0,102689996800.0,96389996544.0,98910003200.0,0,0.0,0.0
2009-05-05,97649999872.0,102689996800.0,97020002304.0,100800004096.0,0,0.0,0.0
2009-05-06,100800004096.0,102689996800.0,96389996544.0,97649999872.0,0,0.0,0.0
2009-05-07,97649999872.0,114030002176.0,97649999872.0,103950000128.0,0,0.0,0.0
2009-05-08,110250000384.0,110250000384.0,101430001664.0,106469998592.0,0,0.0,0.0
2009-05-11,102059999232.0,108359999488.0,100800004096.0,105210003456.0,0,0.0,0.0
2009-05-12,105840001024.0,106469998592.0,103950000128.0,106469998592.0,0,0.0,0.0
2009-05-13,103950000128.0,103950000128.0,98910003200.0,98910003200.0,0,0.0,0.0
2009-05-14,105840001024.0,105840001024.0,95759998976.0,97020002304.0,0,0.0,0.0
2009-05-15,98279997440.0,102689996800.0,97649999872.0,98279997440.0,0,0.0,0.0
2009-05-18,107099996160.0,107099996160.0,102059999232.0,103950000128.0,0,0.0,0.0
2009-05-19,98910003200.0,105210003456.0,98910003200.0,103950000128.0,0,0.0,0.0
2009-05-20,105840001024.0,107099996160.0,104579997696.0,104579997696.0,0,0.0,0.0
2009-05-21,107099996160.0,107099996160.0,98910003200.0,98910003200.0,0,0.0,0.0
2009-05-22,105840001024.0,107099996160.0,103320002560.0,103320002560.0,0,0.0,0.0
2009-05-26,103950000128.0,107099996160.0,102059999232.0,105840001024.0,0,0.0,0.0
2009-05-27,107099996160.0,108359999488.0,105840001024.0,107099996160.0,0,0.0,0.0
2009-05-28,107099996160.0,112140001280.0,107099996160.0,108989997056.0,0,0.0,0.0
2009-05-29,112140001280.0,118440001536.0,110250000384.0,111510003712.0,0,0.0,0.0
2009-06-01,119699996672.0,144270000128.0,119699996672.0,144270000128.0,0,0.0,0.0
2009-06-02,138600005632.0,234989993984.0,138600005632.0,221759995904.0,0,0.0,0.0
2009-06-03,223650004992.0,223650004992.0,177660002304.0,198450003968.0,0,0.0,0.0
2009-06-04,217349996544.0,244440006656.0,192149995520.0,195299999744.0,0,0.0,0.0
2009-06-05,220500000768.0,220500000768.0,158759993344.0,181440004096.0,0,0.0,0.0
2009-06-08,173250002944.0,173250002944.0,149309997056.0,161280000000.0,0,0.0,0.0
2009-06-09,161909997568.0,189000007680.0,157499998208.0,174509998080.0,0,0.0,0.0
2009-06-10,182699999232.0,183959994368.0,160650002432.0,167579992064.0,0,0.0,0.0
2009-06-11,163800006656.0,168840003584.0,154980007936.0,157499998208.0,0,0.0,0.0
2009-06-12,157499998208.0,163800006656.0,157499998208.0,161280000000.0,0,0.0,0.0
2009-06-15,167579992064.0,169470001152.0,146159992832.0,151830003712.0,0,0.0,0.0
2009-06-16,151830003712.0,158759993344.0,148679999488.0,149309997056.0,0,0.0,0.0
2009-06-17,148050001920.0,148679999488.0,132930002944.0,141119995904.0,0,0.0,0.0
2009-06-18,141119995904.0,151830003712.0,139860000768.0,149939994624.0,0,0.0,0.0
2009-06-19,158129995776.0,158129995776.0,149309997056.0,151200006144.0,0,0.0,0.0
2009-06-22,156240003072.0,156240003072.0,125999996928.0,125999996928.0,0,0.0,0.0
2009-06-23,126630002688.0,129150001152.0,124109996032.0,124740001792.0,0,0.0,0.0
2009-06-24,131669999616.0,134820003840.0,128520003584.0,128520003584.0,0,0.0,0.0
2009-06-25,125999996928.0,131040002048.0,125999996928.0,127260000256.0,0,0.0,0.0
2009-06-26,126630002688.0,132299997184.0,125999996928.0,132299997184.0,0,0.0,0.0
2009-06-29,135450001408.0,137970008064.0,130409996288.0,136079998976.0,0,0.0,0.0
2009-06-30,141749993472.0,141749993472.0,125999996928.0,127889997824.0,0,0.0,0.0
2009-07-01,127889997824.0,132930002944.0,126630002688.0,132299997184.0,0,0.0,0.0
2009-07-02,136079998976.0,136079998976.0,115289997312.0,133560000512.0,0,0.0,0.0
2009-07-06,126630002688.0,126630002688.0,112140001280.0,120330002432.0,0,0.0,0.0
2009-07-07,115920003072.0,115920003072.0,102059999232.0,103950000128.0,0,0.0,0.0
2009-07-08,100800004096.0,131669999616.0,94500003840.0,96389996544.0,0,0.0,0.0
2009-07-09,100800004096.0,107099996160.0,98910003200.0,100169998336.0,0,0.0,0.0
2009-07-10,103320002560.0,104579997696.0,99540000768.0,103320002560.0,0,0.0,0.0
2009-07-13,103320002560.0,103320002560.0,99540000768.0,99540000768.0,0,0.0,0.0
2009-07-14,100800004096.0,110250000384.0,100800004096.0,104579997696.0,0,0.0,0.0
2009-07-15,109620002816.0,122850000896.0,109620002816.0,112769998848.0,0,0.0,0.0
2009-07-16,113399996416.0,115289997312.0,112140001280.0,113399996416.0,0,0.0,0.0
2009-07-17,112140001280.0,113399996416.0,110250000384.0,111510003712.0,0,0.0,0.0
2009-07-20,111510003712.0,113399996416.0,107099996160.0,107730001920.0,0,0.0,0.0
2009-07-21,120960000000.0,120960000000.0,107099996160.0,111510003712.0,0,0.0,0.0
2009-07-22,125999996928.0,125999996928.0,111510003712.0,117810003968.0,0,0.0,0.0
2009-07-23,121589997568.0,121589997568.0,108989997056.0,110250000384.0,0,0.0,0.0
2009-07-24,125999996928.0,125999996928.0,108989997056.0,115920003072.0,0,0.0,0.0
2009-07-27,116550000640.0,125999996928.0,116550000640.0,125369999360.0,0,0.0,0.0
2009-07-28,125369999360.0,125369999360.0,117179998208.0,120330002432.0,0,0.0,0.0
2009-07-29,120960000000.0,120960000000.0,112769998848.0,112769998848.0,0,0.0,0.0
2009-07-30,117810003968.0,118440001536.0,113399996416.0,113399996416.0,0,0.0,0.0
2009-07-31,117179998208.0,117179998208.0,113399996416.0,115289997312.0,0,0.0,0.0
2009-08-03,114030002176.0,117179998208.0,112769998848.0,117179998208.0,0,0.0,0.0
2009-08-04,116550000640.0,118440001536.0,114030002176.0,114659999744.0,0,0.0,0.0
2009-08-05,113399996416.0,119699996672.0,113399996416.0,119699996672.0,0,0.0,0.0
2009-08-06,125999996928.0,125999996928.0,116550000640.0,116550000640.0,0,0.0,0.0
2009-08-07,124740001792.0,125369999360.0,117179998208.0,119069999104.0,0,0.0,0.0
2009-08-10,121589997568.0,125999996928.0,116550000640.0,117179998208.0,0,0.0,0.0
2009-08-11,113399996416.0,115289997312.0,112140001280.0,115289997312.0,0,0.0,0.0
2009-08-12,112140001280.0,115289997312.0,110879997952.0,111510003712.0,0,0.0,0.0
2009-08-13,111510003712.0,117179998208.0,110250000384.0,114659999744.0,0,0.0,0.0
2009-08-14,115920003072.0,119699996672.0,113399996416.0,117810003968.0,0,0.0,0.0
2009-08-17,115289997312.0,115289997312.0,110250000384.0,112140001280.0,0,0.0,0.0
2009-08-18,112140001280.0,112140001280.0,110250000384.0,110250000384.0,0,0.0,0.0
2009-08-19,110250000384.0,112769998848.0,107099996160.0,108359999488.0,0,0.0,0.0
2009-08-20,107099996160.0,110879997952.0,107099996160.0,107730001920.0,0,0.0,0.0
2009-08-21,110250000384.0,110250000384.0,100800004096.0,100800004096.0,0,0.0,0.0
2009-08-24,100800004096.0,109620002816.0,100800004096.0,107099996160.0,0,0.0,0.0
2009-08-25,107099996160.0,108989997056.0,100800004096.0,102059999232.0,0,0.0,0.0
2009-08-26,106469998592.0,110250000384.0,102059999232.0,102059999232.0,0,0.0,0.0
2009-08-27,102689996800.0,106469998592.0,100169998336.0,100169998336.0,0,0.0,0.0
2009-08-28,105840001024.0,106469998592.0,95130001408.0,98279997440.0,0,0.0,0.0
2009-08-31,98910003200.0,99540000768.0,94500003840.0,95759998976.0,0,0.0,0.0
2009-09-01,96389996544.0,98279997440.0,83789996032.0,90089996288.0,0,0.0,0.0
2009-09-02,90720002048.0,90720002048.0,85049999360.0,85049999360.0,0,0.0,0.0
2009-09-03,85049999360.0,85049999360.0,78749999104.0,80640000000.0,0,0.0,0.0
2009-09-04,84420001792.0,84420001792.0,76859998208.0,79379996672.0,0,0.0,0.0
2009-09-08,81269997568.0,84420001792.0,81269997568.0,83159998464.0,0,0.0,0.0
2009-09-09,85049999360.0,93240000512.0,83789996032.0,86940000256.0,0,0.0,0.0
2009-09-10,88200003584.0,93240000512.0,88200003584.0,92610002944.0,0,0.0,0.0
2009-09-11,94500003840.0,97020002304.0,92610002944.0,93240000512.0,0,0.0,0.0
2009-09-14,90720002048.0,91979997184.0,88200003584.0,89459998720.0,0,0.0,0.0
2009-09-15,90089996288.0,94500003840.0,88200003584.0,88830001152.0,0,0.0,0.0
2009-09-16,89459998720.0,95130001408.0,87569997824.0,88200003584.0,0,0.0,0.0
2009-09-17,91979997184.0,91979997184.0,85049999360.0,85679996928.0,0,0.0,0.0
2009-09-18,85049999360.0,88200003584.0,82530000896.0,83789996032.0,0,0.0,0.0
2009-09-21,83789996032.0,84420001792.0,80010002432.0,80640000000.0,0,0.0,0.0
2009-09-22,80640000000.0,83159998464.0,79379996672.0,81269997568.0,0,0.0,0.0
2009-09-23,80640000000.0,81900003328.0,78749999104.0,79379996672.0,0,0.0,0.0
2009-09-24,78749999104.0,80010002432.0,74969997312.0,74969997312.0,0,0.0,0.0
2009-09-25,74339999744.0,76859998208.0,72449998848.0,74339999744.0,0,0.0,0.0
2009-09-28,76859998208.0,76859998208.0,72449998848.0,73079996416.0,0,0.0,0.0
2009-09-29,73079996416.0,76859998208.0,70559997952.0,76859998208.0,0,0.0,0.0
2009-09-30,81269997568.0,81269997568.0,76859998208.0,77490003968.0,0,0.0,0.0
2009-10-01,81269997568.0,81269997568.0,76230000640.0,76230000640.0,0,0.0,0.0
2009-10-02,78749999104.0,78749999104.0,72449998848.0,73079996416.0,0,0.0,0.0
2009-10-05,77490003968.0,77490003968.0,71190003712.0,74969997312.0,0,0.0,0.0
2009-10-06,75600003072.0,76859998208.0,72449998848.0,75600003072.0,0,0.0,0.0
2009-10-07,75600003072.0,75600003072.0,72449998848.0,74969997312.0,0,0.0,0.0
2009-10-08,77490003968.0,81900003328.0,77490003968.0,78120001536.0,0,0.0,0.0
2009-10-09,78749999104.0,81269997568.0,77490003968.0,77490003968.0,0,0.0,0.0
2009-10-12,80640000000.0,80640000000.0,76859998208.0,77490003968.0,0,0.0,0.0
2009-10-13,78120001536.0,78749999104.0,75600003072.0,76859998208.0,0,0.0,0.0
2009-10-14,76859998208.0,80010002432.0,76859998208.0,79379996672.0,0,0.0,0.0
2009-10-15,79379996672.0,80010002432.0,75600003072.0,76230000640.0,0,0.0,0.0
2009-10-16,76230000640.0,78749999104.0,71190003712.0,73079996416.0,0,0.0,0.0
2009-10-19,69930000384.0,75600003072.0,69930000384.0,71190003712.0,0,0.0,0.0
2009-10-20,71190003712.0,74969997312.0,69930000384.0,70559997952.0,0,0.0,0.0
2009-10-21,71820001280.0,73079996416.0,69930000384.0,69930000384.0,0,0.0,0.0
2009-10-22,70559997952.0,73079996416.0,70559997952.0,71190003712.0,0,0.0,0.0
2009-10-23,73079996416.0,73079996416.0,71190003712.0,72449998848.0,0,0.0,0.0
2009-10-26,73079996416.0,73079996416.0,69930000384.0,70559997952.0,0,0.0,0.0
2009-10-27,73079996416.0,73079996416.0,61110001664.0,66149998592.0,0,0.0,0.0
2009-10-28,64260001792.0,69300002816.0,59849998336.0,62999998464.0,0,0.0,0.0
2009-10-29,65520001024.0,69300002816.0,62370000896.0,64889999360.0,0,0.0,0.0
2009-10-30,64260001792.0,64260001792.0,61110001664.0,61110001664.0,0,0.0,0.0
2009-11-02,61110001664.0,61739999232.0,59220000768.0,59220000768.0,0,0.0,0.0
2009-11-03,60480000000.0,60480000000.0,59220000768.0,59220000768.0,0,0.0,0.0
2009-11-04,59849998336.0,66149998592.0,59849998336.0,65520001024.0,0,0.0,0.0
2009-11-05,64260001792.0,64889999360.0,62999998464.0,62999998464.0,0,0.0,0.0
2009-11-06,65520001024.0,65520001024.0,63630000128.0,64889999360.0,0,0.0,0.0
2009-11-09,62370000896.0,68670001152.0,62370000896.0,66149998592.0,0,0.0,0.0
2009-11-10,62370000896.0,67410001920.0,60480000000.0,62999998464.0,0,0.0,0.0
2009-11-11,62999998464.0,63630000128.0,61110001664.0,61739999232.0,0,0.0,0.0
2009-11-12,61739999232.0,62370000896.0,61110001664.0,61110001664.0,0,0.0,0.0
2009-11-13,62370000896.0,62999998464.0,62370000896.0,62370000896.0,0,0.0,0.0
2009-11-16,62999998464.0,62999998464.0,61739999232.0,62999998464.0,0,0.0,0.0
2009-11-17,66149998592.0,66149998592.0,62999998464.0,63630000128.0,0,0.0,0.0
2009-11-18,62999998464.0,68670001152.0,62999998464.0,67410001920.0,0,0.0,0.0
2009-11-19,68670001152.0,73079996416.0,64260001792.0,72449998848.0,0,0.0,0.0
2009-11-20,74339999744.0,74969997312.0,70559997952.0,73079996416.0,0,0.0,0.0
2009-11-23,76230000640.0,77490003968.0,64260001792.0,64260001792.0,0,0.0,0.0
2009-11-24,64260001792.0,65520001024.0,62999998464.0,62999998464.0,0,0.0,0.0
2009-11-25,62999998464.0,65520001024.0,62999998464.0,65520001024.0,0,0.0,0.0
2009-11-27,62999998464.0,67410001920.0,62370000896.0,64889999360.0,0,0.0,0.0
2009-11-30,64260001792.0,68039999488.0,64260001792.0,67410001920.0,0,0.0,0.0
2009-12-01,68039999488.0,68039999488.0,66149998592.0,66780000256.0,0,0.0,0.0
2009-12-02,66149998592.0,69300002816.0,62999998464.0,64889999360.0,0,0.0,0.0
2009-12-03,65520001024.0,65520001024.0,64260001792.0,64260001792.0,0,0.0,0.0
2009-12-04,64260001792.0,66149998592.0,62999998464.0,63630000128.0,0,0.0,0.0
2009-12-07,64889999360.0,64889999360.0,62370000896.0,63630000128.0,0,0.0,0.0
2009-12-08,64889999360.0,65520001024.0,63630000128.0,64889999360.0,0,0.0,0.0
2009-12-09,64260001792.0,66149998592.0,62999998464.0,62999998464.0,0,0.0,0.0
2009-12-10,62370000896.0,65520001024.0,61739999232.0,61739999232.0,0,0.0,0.0
2009-12-11,63630000128.0,63630000128.0,61739999232.0,62370000896.0,0,0.0,0.0
2009-12-14,61739999232.0,62999998464.0,61110001664.0,61110001664.0,0,0.0,0.0
2009-12-15,61110001664.0,62999998464.0,61110001664.0,61739999232.0,0,0.0,0.0
2009-12-16,62370000896.0,62999998464.0,61110001664.0,62999998464.0,0,0.0,0.0
2009-12-17,62999998464.0,66149998592.0,61739999232.0,62999998464.0,0,0.0,0.0
2009-12-18,64889999360.0,65520001024.0,62370000896.0,62999998464.0,0,0.0,0.0
2009-12-21,62999998464.0,64260001792.0,61739999232.0,61739999232.0,0,0.0,0.0
2009-12-22,61739999232.0,63630000128.0,61110001664.0,62999998464.0,0,0.0,0.0
2009-12-23,62999998464.0,64260001792.0,62999998464.0,62999998464.0,0,0.0,0.0
2009-12-24,63630000128.0,66149998592.0,62999998464.0,64889999360.0,0,0.0,0.0
2009-12-28,64889999360.0,65520001024.0,59849998336.0,60480000000.0,0,0.0,0.0
2009-12-29,60480000000.0,72449998848.0,60480000000.0,71820001280.0,0,0.0,0.0
2009-12-30,67410001920.0,68039999488.0,61110001664.0,62370000896.0,0,0.0,0.0
2009-12-31,62370000896.0,65520001024.0,61739999232.0,63630000128.0,0,0.0,0.0
2010-01-05,66149998592.0,68039999488.0,62370000896.0,66780000256.0,0,0.0,0.0
2010-01-06,69300002816.0,69930000384.0,66780000256.0,69300002816.0,0,0.0,0.0
2010-01-07,69300002816.0,72449998848.0,68039999488.0,71820001280.0,0,0.0,0.0
2010-01-08,71820001280.0,72449998848.0,68670001152.0,71820001280.0,0,0.0,0.0
2010-01-11,74339999744.0,76859998208.0,72449998848.0,74969997312.0,0,0.0,0.0
2010-01-12,74339999744.0,78749999104.0,72449998848.0,73710002176.0,0,0.0,0.0
2010-01-13,75600003072.0,78749999104.0,73079996416.0,76230000640.0,0,0.0,0.0
2010-01-14,78749999104.0,81900003328.0,76230000640.0,78120001536.0,0,0.0,0.0
2010-01-15,80640000000.0,80640000000.0,73079996416.0,73710002176.0,0,0.0,0.0
2010-01-19,73710002176.0,73710002176.0,64260001792.0,65520001024.0,0,0.0,0.0
2010-01-20,69930000384.0,69930000384.0,64889999360.0,66149998592.0,0,0.0,0.0
2010-01-21,64889999360.0,69300002816.0,64889999360.0,69300002816.0,0,0.0,0.0
2010-01-22,68039999488.0,69930000384.0,66780000256.0,69930000384.0,0,0.0,0.0
2010-01-25,71190003712.0,73079996416.0,69300002816.0,71190003712.0,0,0.0,0.0
2010-01-26,69930000384.0,73079996416.0,67410001920.0,71820001280.0,0,0.0,0.0
2010-01-27,73079996416.0,73079996416.0,68039999488.0,70559997952.0,0,0.0,0.0
2010-01-28,69300002816.0,70559997952.0,68039999488.0,70559997952.0,0,0.0,0.0
2010-01-29,69930000384.0,71190003712.0,67410001920.0,69300002816.0,0,0.0,0.0
2010-02-01,73079996416.0,73079996416.0,68670001152.0,69300002816.0,0,0.0,0.0
2010-02-02,72449998848.0,72449998848.0,69300002816.0,69300002816.0,0,0.0,0.0
2010-02-04,69300002816.0,69930000384.0,69300002816.0,69300002816.0,0,0.0,0.0
2010-02-05,67410001920.0,69930000384.0,67410001920.0,69300002816.0,0,0.0,0.0
2010-02-08,71820001280.0,71820001280.0,69300002816.0,69300002816.0,0,0.0,0.0
2010-02-09,68039999488.0,71190003712.0,68039999488.0,69300002816.0,0,0.0,0.0
2010-02-10,70559997952.0,70559997952.0,68670001152.0,69300002816.0,0,0.0,0.0
2010-02-11,69300002816.0,69300002816.0,66149998592.0,68670001152.0,0,0.0,0.0
2010-02-12,69930000384.0,71820001280.0,69930000384.0,71820001280.0,0,0.0,0.0
2010-02-16,71820001280.0,73079996416.0,69930000384.0,73079996416.0,0,0.0,0.0
2010-02-17,73710002176.0,73710002176.0,68039999488.0,68670001152.0,0,0.0,0.0
2010-02-18,69300002816.0,69300002816.0,66149998592.0,67410001920.0,0,0.0,0.0
2010-02-19,66149998592.0,67410001920.0,64260001792.0,64889999360.0,0,0.0,0.0
2010-02-22,64889999360.0,68039999488.0,64889999360.0,68039999488.0,0,0.0,0.0
2010-02-23,66780000256.0,68039999488.0,64889999360.0,67410001920.0,0,0.0,0.0
2010-02-24,66780000256.0,67410001920.0,64889999360.0,67410001920.0,0,0.0,0.0
2010-02-25,69300002816.0,69300002816.0,64260001792.0,68670001152.0,0,0.0,0.0
2010-02-26,69300002816.0,69930000384.0,65520001024.0,68039999488.0,0,0.0,0.0
2010-03-01,69300002816.0,70559997952.0,66780000256.0,69300002816.0,0,0.0,0.0
2010-03-02,69300002816.0,69300002816.0,66149998592.0,66780000256.0,0,0.0,0.0
2010-03-03,68670001152.0,70559997952.0,66780000256.0,68039999488.0,0,0.0,0.0
2010-03-04,67410001920.0,68039999488.0,66780000256.0,68039999488.0,0,0.0,0.0
2010-03-05,68670001152.0,69300002816.0,67410001920.0,67410001920.0,0,0.0,0.0
2010-03-08,68670001152.0,74969997312.0,66780000256.0,70559997952.0,0,0.0,0.0
2010-03-09,68039999488.0,74339999744.0,65520001024.0,71820001280.0,0,0.0,0.0
2010-03-10,71820001280.0,71820001280.0,68039999488.0,70559997952.0,0,0.0,0.0
2010-03-11,70559997952.0,70559997952.0,68670001152.0,69930000384.0,0,0.0,0.0
2010-03-12,68670001152.0,71820001280.0,65520001024.0,71820001280.0,0,0.0,0.0
2010-03-15,71190003712.0,71820001280.0,70559997952.0,71820001280.0,0,0.0,0.0
2010-03-16,71820001280.0,72449998848.0,70559997952.0,70559997952.0,0,0.0,0.0
2010-03-17,70559997952.0,71820001280.0,69930000384.0,71190003712.0,0,0.0,0.0
2010-03-18,70559997952.0,72449998848.0,68039999488.0,70559997952.0,0,0.0,0.0
2010-03-19,66149998592.0,71820001280.0,66149998592.0,66149998592.0,0,0.0,0.0
2010-03-22,66149998592.0,68670001152.0,66149998592.0,67410001920.0,0,0.0,0.0
2010-03-23,67410001920.0,68039999488.0,66780000256.0,67410001920.0,0,0.0,0.0
2010-03-24,67410001920.0,68670001152.0,66780000256.0,68039999488.0,0,0.0,0.0
2010-03-25,70559997952.0,70559997952.0,67410001920.0,68039999488.0,0,0.0,0.0
2010-03-26,68039999488.0,69930000384.0,68039999488.0,69930000384.0,0,0.0,0.0
2010-03-29,70559997952.0,70559997952.0,69300002816.0,69300002816.0,0,0.0,0.0
2010-03-31,69930000384.0,70559997952.0,69300002816.0,69300002816.0,0,0.0,0.0
2010-04-01,69300002816.0,70559997952.0,69300002816.0,69300002816.0,0,0.0,0.0
2010-04-05,70559997952.0,71190003712.0,69300002816.0,69930000384.0,0,0.0,0.0
2010-04-06,69930000384.0,71190003712.0,69930000384.0,70559997952.0,0,0.0,0.0
2010-04-07,70559997952.0,70559997952.0,69300002816.0,69930000384.0,0,0.0,0.0
2010-04-09,69930000384.0,71190003712.0,69930000384.0,69930000384.0,0,0.0,0.0
2010-04-12,74969997312.0,78120001536.0,71820001280.0,76230000640.0,0,0.0,0.0
2010-04-13,77490003968.0,78749999104.0,76230000640.0,77490003968.0,0,0.0,0.0
2010-04-14,80640000000.0,80640000000.0,76859998208.0,80640000000.0,0,0.0,0.0
2010-04-15,80010002432.0,81900003328.0,78120001536.0,78749999104.0,0,0.0,0.0
2010-04-16,78120001536.0,79379996672.0,72449998848.0,78120001536.0,0,0.0,0.0
2010-04-19,73710002176.0,76859998208.0,71190003712.0,71820001280.0,0,0.0,0.0
2010-04-20,73079996416.0,74969997312.0,72449998848.0,72449998848.0,0,0.0,0.0
2010-04-21,72449998848.0,73710002176.0,71820001280.0,72449998848.0,0,0.0,0.0
2010-04-22,71820001280.0,75600003072.0,71820001280.0,75600003072.0,0,0.0,0.0
2010-04-23,75600003072.0,76859998208.0,73710002176.0,74339999744.0,0,0.0,0.0
2010-04-26,78120001536.0,78120001536.0,74339999744.0,76230000640.0,0,0.0,0.0
2010-04-27,75600003072.0,75600003072.0,74339999744.0,75600003072.0,0,0.0,0.0
2010-04-28,74339999744.0,76230000640.0,74339999744.0,76230000640.0,0,0.0,0.0
2010-04-29,75600003072.0,78120001536.0,74339999744.0,75600003072.0,0,0.0,0.0
2010-04-30,75600003072.0,77490003968.0,74339999744.0,77490003968.0,0,0.0,0.0
2010-05-03,78749999104.0,78749999104.0,74969997312.0,76859998208.0,0,0.0,0.0
2010-05-04,76230000640.0,76859998208.0,74339999744.0,74339999744.0,0,0.0,0.0
2010-05-05,74339999744.0,75600003072.0,72449998848.0,73710002176.0,0,0.0,0.0
2010-05-06,72449998848.0,74339999744.0,68039999488.0,69300002816.0,0,0.0,0.0
2010-05-07,66780000256.0,71820001280.0,66780000256.0,68039999488.0,0,0.0,0.0
2010-05-10,68670001152.0,75600003072.0,68670001152.0,75600003072.0,0,0.0,0.0
2010-05-11,77490003968.0,77490003968.0,73079996416.0,76230000640.0,0,0.0,0.0
2010-05-12,75600003072.0,76859998208.0,73079996416.0,76230000640.0,0,0.0,0.0
2010-05-13,76230000640.0,78749999104.0,73079996416.0,75600003072.0,0,0.0,0.0
2010-05-14,77490003968.0,78120001536.0,70559997952.0,74969997312.0,0,0.0,0.0
2010-05-17,73710002176.0,74969997312.0,71190003712.0,74969997312.0,0,0.0,0.0
2010-05-18,74339999744.0,74339999744.0,69300002816.0,73710002176.0,0,0.0,0.0
2010-05-19,72449998848.0,72449998848.0,66149998592.0,69300002816.0,0,0.0,0.0
2010-05-20,69300002816.0,69300002816.0,63630000128.0,64260001792.0,0,0.0,0.0
2010-05-21,69300002816.0,72449998848.0,64889999360.0,71190003712.0,0,0.0,0.0
2010-05-24,69930000384.0,69930000384.0,66149998592.0,67410001920.0,0,0.0,0.0
2010-05-25,63630000128.0,71820001280.0,62999998464.0,71820001280.0,0,0.0,0.0
2010-05-26,69930000384.0,70559997952.0,66149998592.0,68670001152.0,0,0.0,0.0
2010-05-27,69930000384.0,69930000384.0,66149998592.0,68670001152.0,0,0.0,0.0
2010-05-28,67410001920.0,72449998848.0,66780000256.0,72449998848.0,0,0.0,0.0
2010-06-01,69930000384.0,72449998848.0,66149998592.0,72449998848.0,0,0.0,0.0
2010-06-02,71820001280.0,73079996416.0,68670001152.0,73079996416.0,0,0.0,0.0
2010-06-03,73079996416.0,73079996416.0,69300002816.0,69930000384.0,0,0.0,0.0
2010-06-04,71820001280.0,71820001280.0,68039999488.0,68039999488.0,0,0.0,0.0
2010-06-07,68039999488.0,71820001280.0,63630000128.0,71820001280.0,0,0.0,0.0
2010-06-08,71820001280.0,71820001280.0,66149998592.0,70559997952.0,0,0.0,0.0
2010-06-09,71190003712.0,71820001280.0,67410001920.0,71820001280.0,0,0.0,0.0
2010-06-10,69930000384.0,71190003712.0,66149998592.0,70559997952.0,0,0.0,0.0
2010-06-11,66780000256.0,71190003712.0,66780000256.0,71190003712.0,0,0.0,0.0
2010-06-14,68039999488.0,71190003712.0,66149998592.0,71190003712.0,0,0.0,0.0
2010-06-15,70559997952.0,72449998848.0,68670001152.0,71820001280.0,0,0.0,0.0
2010-06-16,68039999488.0,69300002816.0,66149998592.0,69300002816.0,0,0.0,0.0
2010-06-17,67410001920.0,71820001280.0,66149998592.0,71820001280.0,0,0.0,0.0
2010-06-18,71820001280.0,71820001280.0,67410001920.0,71820001280.0,0,0.0,0.0
2010-06-21,71190003712.0,71820001280.0,64889999360.0,70559997952.0,0,0.0,0.0
2010-06-22,69300002816.0,72449998848.0,67410001920.0,68670001152.0,0,0.0,0.0
2010-06-23,67410001920.0,70559997952.0,65520001024.0,70559997952.0,0,0.0,0.0
2010-06-24,66780000256.0,68670001152.0,65520001024.0,68670001152.0,0,0.0,0.0
2010-06-25,66149998592.0,68039999488.0,63630000128.0,68039999488.0,0,0.0,0.0
2010-06-28,66780000256.0,66780000256.0,64260001792.0,65520001024.0,0,0.0,0.0
2010-06-29,64260001792.0,65520001024.0,58589999104.0,62999998464.0,0,0.0,0.0
2010-06-30,62999998464.0,63630000128.0,56699998208.0,61110001664.0,0,0.0,0.0
2010-07-01,61739999232.0,61739999232.0,54179999744.0,54179999744.0,0,0.0,0.0
2010-07-02,56699998208.0,56699998208.0,52920000512.0,54810001408.0,0,0.0,0.0
2010-07-06,53549998080.0,53549998080.0,52920000512.0,52920000512.0,0,0.0,0.0
2010-07-07,52920000512.0,55439998976.0,47879999488.0,51029999616.0,0,0.0,0.0
2010-07-08,49770000384.0,52289998848.0,49139998720.0,52289998848.0,0,0.0,0.0
2010-07-09,52920000512.0,52920000512.0,50400002048.0,51029999616.0,0,0.0,0.0
2010-07-12,50400002048.0,56070000640.0,50400002048.0,56070000640.0,0,0.0,0.0
2010-07-13,54810001408.0,55439998976.0,51660001280.0,51660001280.0,0,0.0,0.0
2010-07-14,54810001408.0,54810001408.0,51660001280.0,54179999744.0,0,0.0,0.0
2010-07-15,52289998848.0,54179999744.0,51029999616.0,53549998080.0,0,0.0,0.0
2010-07-16,51660001280.0,54179999744.0,51029999616.0,54179999744.0,0,0.0,0.0
2010-07-19,51660001280.0,54179999744.0,50400002048.0,54179999744.0,0,0.0,0.0
2010-07-20,52920000512.0,56070000640.0,50400002048.0,56070000640.0,0,0.0,0.0
2010-07-21,55439998976.0,55439998976.0,51660001280.0,52920000512.0,0,0.0,0.0
2010-07-22,52920000512.0,56070000640.0,51029999616.0,56070000640.0,0,0.0,0.0
2010-07-23,53549998080.0,59849998336.0,52920000512.0,59220000768.0,0,0.0,0.0
2010-07-26,57960001536.0,62999998464.0,57960001536.0,62999998464.0,0,0.0,0.0
2010-07-27,62999998464.0,63630000128.0,59849998336.0,63630000128.0,0,0.0,0.0
2010-07-28,60480000000.0,62999998464.0,58589999104.0,62999998464.0,0,0.0,0.0
2010-07-29,58589999104.0,61739999232.0,56699998208.0,61739999232.0,0,0.0,0.0
2010-07-30,59849998336.0,59849998336.0,56699998208.0,57960001536.0,0,0.0,0.0
2010-08-02,57329999872.0,57329999872.0,56699998208.0,57329999872.0,0,0.0,0.0
2010-08-03,57329999872.0,59220000768.0,56699998208.0,58589999104.0,0,0.0,0.0
2010-08-04,58589999104.0,61739999232.0,56070000640.0,61739999232.0,0,0.0,0.0
2010-08-05,57329999872.0,61739999232.0,54179999744.0,56699998208.0,0,0.0,0.0
2010-08-06,53549998080.0,57329999872.0,53549998080.0,55439998976.0,0,0.0,0.0
2010-08-09,57329999872.0,57960001536.0,53549998080.0,55439998976.0,0,0.0,0.0
2010-08-10,55439998976.0,55439998976.0,51660001280.0,55439998976.0,0,0.0,0.0
2010-08-11,55439998976.0,55439998976.0,49139998720.0,52289998848.0,0,0.0,0.0
2010-08-12,51660001280.0,53549998080.0,50400002048.0,53549998080.0,0,0.0,0.0
2010-08-13,54179999744.0,54179999744.0,50400002048.0,53549998080.0,0,0.0,0.0
2010-08-16,48510001152.0,52289998848.0,44729999360.0,47879999488.0,0,0.0,0.0
2010-08-17,49139998720.0,51660001280.0,48510001152.0,51660001280.0,0,0.0,0.0
2010-08-18,50400002048.0,50400002048.0,47879999488.0,48510001152.0,0,0.0,0.0
2010-08-19,47879999488.0,47879999488.0,44100001792.0,46620000256.0,0,0.0,0.0
2010-08-20,45360001024.0,45360001024.0,42839998464.0,42839998464.0,0,0.0,0.0
2010-08-23,43470000128.0,47250001920.0,42839998464.0,46620000256.0,0,0.0,0.0
2010-08-24,45989998592.0,45989998592.0,42839998464.0,43470000128.0,0,0.0,0.0
2010-08-25,40950001664.0,44729999360.0,40950001664.0,44100001792.0,0,0.0,0.0
2010-08-26,44100001792.0,44100001792.0,42210000896.0,43470000128.0,0,0.0,0.0
2010-08-27,42839998464.0,42839998464.0,40950001664.0,42210000896.0,0,0.0,0.0
2010-08-30,42210000896.0,44100001792.0,42210000896.0,43470000128.0,0,0.0,0.0
2010-08-31,44100001792.0,44100001792.0,42839998464.0,42839998464.0,0,0.0,0.0
2010-09-01,43470000128.0,44729999360.0,43470000128.0,44100001792.0,0,0.0,0.0
2010-09-02,42839998464.0,45989998592.0,42210000896.0,44100001792.0,0,0.0,0.0
2010-09-03,44100001792.0,45989998592.0,40950001664.0,41579999232.0,0,0.0,0.0
2010-09-07,40320000000.0,47250001920.0,39060000768.0,44729999360.0,0,0.0,0.0
2010-09-08,44729999360.0,44729999360.0,43470000128.0,43470000128.0,0,0.0,0.0
2010-09-09,44100001792.0,44100001792.0,42210000896.0,42210000896.0,0,0.0,0.0
2010-09-10,42839998464.0,42839998464.0,41579999232.0,42839998464.0,0,0.0,0.0
2010-09-13,42210000896.0,45360001024.0,41579999232.0,44729999360.0,0,0.0,0.0
2010-09-14,46620000256.0,47250001920.0,43470000128.0,43470000128.0,0,0.0,0.0
2010-09-15,41579999232.0,44100001792.0,41579999232.0,43470000128.0,0,0.0,0.0
2010-09-16,41579999232.0,46620000256.0,41579999232.0,46620000256.0,0,0.0,0.0
2010-09-17,46620000256.0,46620000256.0,42210000896.0,42210000896.0,0,0.0,0.0
2010-09-20,44729999360.0,46620000256.0,43470000128.0,44100001792.0,0,0.0,0.0
2010-09-21,45360001024.0,45360001024.0,44100001792.0,45360001024.0,0,0.0,0.0
2010-09-22,44729999360.0,44729999360.0,41579999232.0,41579999232.0,0,0.0,0.0
2010-09-23,40950001664.0,41579999232.0,39060000768.0,41579999232.0,0,0.0,0.0
2010-09-24,41579999232.0,44729999360.0,40950001664.0,40950001664.0,0,0.0,0.0
2010-09-27,39689998336.0,43470000128.0,39060000768.0,40950001664.0,0,0.0,0.0
2010-09-28,42839998464.0,45360001024.0,40320000000.0,42210000896.0,0,0.0,0.0
2010-09-29,41579999232.0,42839998464.0,39689998336.0,40320000000.0,0,0.0,0.0
2010-09-30,42839998464.0,44729999360.0,42210000896.0,43470000128.0,0,0.0,0.0
2010-10-01,41579999232.0,44100001792.0,41579999232.0,42839998464.0,0,0.0,0.0
2010-10-04,44100001792.0,44100001792.0,40950001664.0,40950001664.0,0,0.0,0.0
2010-10-05,40950001664.0,44100001792.0,40950001664.0,44100001792.0,0,0.0,0.0
2010-10-06,44100001792.0,45360001024.0,40950001664.0,42210000896.0,0,0.0,0.0
2010-10-07,42839998464.0,45360001024.0,42839998464.0,45360001024.0,0,0.0,0.0
2010-10-08,43470000128.0,44729999360.0,43470000128.0,43470000128.0,0,0.0,0.0
2010-10-11,44100001792.0,44729999360.0,43470000128.0,44100001792.0,0,0.0,0.0
2010-10-12,44100001792.0,45360001024.0,44100001792.0,45360001024.0,0,0.0,0.0
2010-10-13,44100001792.0,44729999360.0,42839998464.0,42839998464.0,0,0.0,0.0
2010-10-14,42839998464.0,44729999360.0,42839998464.0,44100001792.0,0,0.0,0.0
2010-10-15,44729999360.0,44729999360.0,44100001792.0,44729999360.0,0,0.0,0.0
2010-10-18,44729999360.0,44729999360.0,42839998464.0,44729999360.0,0,0.0,0.0
2010-10-19,44729999360.0,45360001024.0,42839998464.0,45360001024.0,0,0.0,0.0
2010-10-20,43470000128.0,44100001792.0,42839998464.0,43470000128.0,0,0.0,0.0
2010-10-21,43470000128.0,44729999360.0,42839998464.0,44729999360.0,0,0.0,0.0
2010-10-22,41579999232.0,45360001024.0,41579999232.0,44100001792.0,0,0.0,0.0
2010-10-25,43470000128.0,45360001024.0,42210000896.0,42210000896.0,0,0.0,0.0
2010-10-26,43470000128.0,43470000128.0,42210000896.0,42210000896.0,0,0.0,0.0
2010-10-27,42839998464.0,43470000128.0,42210000896.0,42210000896.0,0,0.0,0.0
2010-10-28,46620000256.0,46620000256.0,42210000896.0,43470000128.0,0,0.0,0.0
2010-11-01,45989998592.0,46620000256.0,42839998464.0,42839998464.0,0,0.0,0.0
2010-11-02,44100001792.0,46620000256.0,43470000128.0,43470000128.0,0,0.0,0.0
2010-11-03,44100001792.0,44100001792.0,42839998464.0,43470000128.0,0,0.0,0.0
2010-11-04,42839998464.0,46620000256.0,42839998464.0,45989998592.0,0,0.0,0.0
2010-11-05,45989998592.0,47250001920.0,42839998464.0,47250001920.0,0,0.0,0.0
2010-11-08,46620000256.0,53549998080.0,46620000256.0,52920000512.0,0,0.0,0.0
2010-11-09,53549998080.0,54179999744.0,51660001280.0,52289998848.0,0,0.0,0.0
2010-11-10,51660001280.0,56699998208.0,50400002048.0,56070000640.0,0,0.0,0.0
2010-11-11,52920000512.0,56699998208.0,52920000512.0,55439998976.0,0,0.0,0.0
2010-11-12,59849998336.0,59849998336.0,56699998208.0,59220000768.0,0,0.0,0.0
2010-11-15,59849998336.0,59849998336.0,54179999744.0,59849998336.0,0,0.0,0.0
2010-11-16,58589999104.0,58589999104.0,52920000512.0,54810001408.0,0,0.0,0.0
2010-11-17,53549998080.0,59849998336.0,52920000512.0,55439998976.0,0,0.0,0.0
2010-11-18,59220000768.0,59220000768.0,55439998976.0,55439998976.0,0,0.0,0.0
2010-11-19,53549998080.0,56699998208.0,53549998080.0,53549998080.0,0,0.0,0.0
2010-11-22,52920000512.0,54810001408.0,47879999488.0,47879999488.0,0,0.0,0.0
2010-11-23,47879999488.0,53549998080.0,47879999488.0,49770000384.0,0,0.0,0.0
2010-11-24,52289998848.0,53549998080.0,49770000384.0,52289998848.0,0,0.0,0.0
2010-11-26,50400002048.0,54179999744.0,50400002048.0,54179999744.0,0,0.0,0.0
2010-11-29,53549998080.0,54179999744.0,45989998592.0,49139998720.0,0,0.0,0.0
2010-11-30,49770000384.0,53549998080.0,47879999488.0,51029999616.0,0,0.0,0.0
2010-12-01,50400002048.0,54179999744.0,50400002048.0,52920000512.0,0,0.0,0.0
2010-12-02,52920000512.0,52920000512.0,51029999616.0,52920000512.0,0,0.0,0.0
2010-12-03,51660001280.0,52920000512.0,51660001280.0,51660001280.0,0,0.0,0.0
2010-12-06,52920000512.0,54810001408.0,51029999616.0,53549998080.0,0,0.0,0.0
2010-12-07,52920000512.0,57329999872.0,52289998848.0,52920000512.0,0,0.0,0.0
2010-12-08,51029999616.0,59220000768.0,51029999616.0,52920000512.0,0,0.0,0.0
2010-12-09,52920000512.0,53549998080.0,51029999616.0,51660001280.0,0,0.0,0.0
2010-12-10,54810001408.0,56699998208.0,54179999744.0,56699998208.0,0,0.0,0.0
2010-12-13,59849998336.0,59849998336.0,55439998976.0,56699998208.0,0,0.0,0.0
2010-12-14,56699998208.0,59220000768.0,56699998208.0,57329999872.0,0,0.0,0.0
2010-12-15,59849998336.0,59849998336.0,56699998208.0,56699998208.0,0,0.0,0.0
2010-12-16,57960001536.0,59849998336.0,57960001536.0,59849998336.0,0,0.0,0.0
2010-12-17,59849998336.0,60480000000.0,57960001536.0,59849998336.0,0,0.0,0.0
2010-12-20,59849998336.0,61110001664.0,59849998336.0,59849998336.0,0,0.0,0.0
2010-12-21,60480000000.0,65520001024.0,60480000000.0,64260001792.0,0,0.0,0.0
2010-12-22,66149998592.0,71190003712.0,65520001024.0,69300002816.0,0,0.0,0.0
2010-12-23,69930000384.0,70559997952.0,63630000128.0,66780000256.0,0,0.0,0.0
2010-12-27,71820001280.0,71820001280.0,67410001920.0,71190003712.0,0,0.0,0.0
2010-12-28,72449998848.0,72449998848.0,68039999488.0,68039999488.0,0,0.0,0.0
2010-12-29,72449998848.0,72449998848.0,66780000256.0,67410001920.0,0,0.0,0.0
2010-12-30,67410001920.0,71820001280.0,67410001920.0,68670001152.0,0,0.0,0.0
2010-12-31,69300002816.0,69300002816.0,68670001152.0,68670001152.0,0,0.0,0.0
2011-01-04,67410001920.0,70559997952.0,64260001792.0,64260001792.0,0,0.0,0.0
2011-01-05,67410001920.0,73079996416.0,62999998464.0,67410001920.0,0,0.0,0.0
2011-01-06,71820001280.0,71820001280.0,66149998592.0,67410001920.0,0,0.0,0.0
2011-01-07,69930000384.0,71190003712.0,67410001920.0,67410001920.0,0,0.0,0.0
2011-01-10,69300002816.0,69930000384.0,66149998592.0,66149998592.0,0,0.0,0.0
2011-01-11,65520001024.0,69300002816.0,64889999360.0,66149998592.0,0,0.0,0.0
2011-01-12,65520001024.0,69930000384.0,65520001024.0,68039999488.0,0,0.0,0.0
2011-01-13,68670001152.0,69300002816.0,66149998592.0,68039999488.0,0,0.0,0.0
2011-01-14,69300002816.0,69300002816.0,64889999360.0,66780000256.0,0,0.0,0.0
2011-01-19,65520001024.0,65520001024.0,59849998336.0,61110001664.0,0,0.0,0.0
2011-01-20,62370000896.0,63630000128.0,60480000000.0,62999998464.0,0,0.0,0.0
2011-01-21,62999998464.0,65520001024.0,62999998464.0,64889999360.0,0,0.0,0.0
2011-01-24,66149998592.0,68039999488.0,64260001792.0,66149998592.0,0,0.0,0.0
2011-01-25,67410001920.0,67410001920.0,64260001792.0,65520001024.0,0,0.0,0.0
2011-01-26,64260001792.0,66780000256.0,64260001792.0,64889999360.0,0,0.0,0.0
2011-01-27,64260001792.0,64889999360.0,64260001792.0,64260001792.0,0,0.0,0.0
2011-01-28,63630000128.0,67410001920.0,62370000896.0,63630000128.0,0,0.0,0.0
2011-01-31,64889999360.0,67410001920.0,62370000896.0,67410001920.0,0,0.0,0.0
2011-02-01,67410001920.0,67410001920.0,63630000128.0,66149998592.0,0,0.0,0.0
2011-02-02,65520001024.0,68039999488.0,64889999360.0,67410001920.0,0,0.0,0.0
2011-02-03,68039999488.0,68039999488.0,64889999360.0,64889999360.0,0,0.0,0.0
2011-02-04,64889999360.0,68039999488.0,64260001792.0,66149998592.0,0,0.0,0.0
2011-02-07,68039999488.0,68039999488.0,63630000128.0,64260001792.0,0,0.0,0.0
2011-02-08,63630000128.0,66149998592.0,61739999232.0,62999998464.0,0,0.0,0.0
2011-02-09,64889999360.0,66149998592.0,62999998464.0,64889999360.0,0,0.0,0.0
2011-02-10,64260001792.0,64260001792.0,61739999232.0,62370000896.0,0,0.0,0.0
2011-02-11,64260001792.0,64260001792.0,62370000896.0,62370000896.0,0,0.0,0.0
2011-02-14,62999998464.0,63630000128.0,60480000000.0,60480000000.0,0,0.0,0.0
2011-02-15,60480000000.0,61110001664.0,59220000768.0,59849998336.0,0,0.0,0.0
2011-02-16,58589999104.0,61110001664.0,58589999104.0,61110001664.0,0,0.0,0.0
2011-02-17,61110001664.0,63630000128.0,59220000768.0,62999998464.0,0,0.0,0.0
2011-02-18,61739999232.0,61739999232.0,59849998336.0,60480000000.0,0,0.0,0.0
2011-02-22,59849998336.0,60480000000.0,57960001536.0,57960001536.0,0,0.0,0.0
2011-02-23,57960001536.0,59220000768.0,57960001536.0,58589999104.0,0,0.0,0.0
2011-02-24,59849998336.0,60480000000.0,58589999104.0,59220000768.0,0,0.0,0.0
2011-02-25,58589999104.0,59849998336.0,58589999104.0,58589999104.0,0,0.0,0.0
2011-02-28,58589999104.0,58589999104.0,57960001536.0,57960001536.0,0,0.0,0.0
2011-03-01,57960001536.0,59220000768.0,57960001536.0,57960001536.0,0,0.0,0.0
2011-03-02,57960001536.0,58589999104.0,57960001536.0,57960001536.0,0,0.0,0.0
2011-03-03,57960001536.0,58589999104.0,54179999744.0,54179999744.0,0,0.0,0.0
2011-03-04,54179999744.0,56699998208.0,54179999744.0,54179999744.0,0,0.0,0.0
2011-03-07,54179999744.0,57960001536.0,54179999744.0,54179999744.0,0,0.0,0.0
2011-03-08,55439998976.0,56699998208.0,55439998976.0,55439998976.0,0,0.0,0.0
2011-03-09,55439998976.0,55439998976.0,54179999744.0,54810001408.0,0,0.0,0.0
2011-03-10,54810001408.0,56070000640.0,52289998848.0,55439998976.0,0,0.0,0.0
2011-03-11,53549998080.0,55439998976.0,52920000512.0,53549998080.0,0,0.0,0.0
2011-03-14,52920000512.0,54179999744.0,52920000512.0,52920000512.0,0,0.0,0.0
2011-03-15,52920000512.0,54179999744.0,51660001280.0,51660001280.0,0,0.0,0.0
2011-03-16,52289998848.0,53549998080.0,51660001280.0,52289998848.0,0,0.0,0.0
2011-03-17,56699998208.0,56699998208.0,52289998848.0,56070000640.0,0,0.0,0.0
2011-03-18,57960001536.0,59220000768.0,53549998080.0,55439998976.0,0,0.0,0.0
2011-03-21,55439998976.0,55439998976.0,50400002048.0,50400002048.0,0,0.0,0.0
2011-03-22,49139998720.0,50400002048.0,45989998592.0,47250001920.0,0,0.0,0.0
2011-03-23,48510001152.0,48510001152.0,45360001024.0,45360001024.0,0,0.0,0.0
2011-03-24,45360001024.0,50400002048.0,44100001792.0,50400002048.0,0,0.0,0.0
2011-03-25,50400002048.0,50400002048.0,47879999488.0,49770000384.0,0,0.0,0.0
2011-03-28,50400002048.0,52920000512.0,49139998720.0,49139998720.0,0,0.0,0.0
2011-03-29,52289998848.0,52289998848.0,46620000256.0,47250001920.0,0,0.0,0.0
2011-03-30,46620000256.0,47879999488.0,44729999360.0,47250001920.0,0,0.0,0.0
2011-03-31,45360001024.0,45989998592.0,44100001792.0,45989998592.0,0,0.0,0.0
2011-04-01,44729999360.0,47250001920.0,44729999360.0,45360001024.0,0,0.0,0.0
2011-04-04,45360001024.0,47250001920.0,44729999360.0,44729999360.0,0,0.0,0.0
2011-04-05,44100001792.0,47250001920.0,44100001792.0,45360001024.0,0,0.0,0.0
2011-04-06,45360001024.0,46620000256.0,44729999360.0,45360001024.0,0,0.0,0.0
2011-04-07,46620000256.0,46620000256.0,45360001024.0,45360001024.0,0,0.0,0.0
2011-04-08,45989998592.0,45989998592.0,44100001792.0,44729999360.0,0,0.0,0.0
2011-04-11,44729999360.0,48510001152.0,44729999360.0,46620000256.0,0,0.0,0.0
2011-04-12,47879999488.0,48510001152.0,44729999360.0,47250001920.0,0,0.0,0.0
2011-04-13,44729999360.0,46620000256.0,44100001792.0,46620000256.0,0,0.0,0.0
2011-04-14,46620000256.0,46620000256.0,44100001792.0,45989998592.0,0,0.0,0.0
2011-04-15,46620000256.0,46620000256.0,44100001792.0,44100001792.0,0,0.0,0.0
2011-04-18,44100001792.0,44100001792.0,37800001536.0,39689998336.0,0,0.0,0.0
2011-04-19,39689998336.0,40950001664.0,39060000768.0,39689998336.0,0,0.0,0.0
2011-04-20,39689998336.0,43470000128.0,39060000768.0,40320000000.0,0,0.0,0.0
2011-04-21,40320000000.0,42210000896.0,39689998336.0,42210000896.0,0,0.0,0.0
2011-04-25,44100001792.0,47250001920.0,41579999232.0,44100001792.0,0,0.0,0.0
2011-04-26,43470000128.0,48510001152.0,43470000128.0,47250001920.0,0,0.0,0.0
2011-04-27,47250001920.0,48510001152.0,41579999232.0,42210000896.0,0,0.0,0.0
2011-04-28,42210000896.0,47250001920.0,42210000896.0,44100001792.0,0,0.0,0.0
2011-04-29,44729999360.0,47250001920.0,44100001792.0,46620000256.0,0,0.0,0.0
2011-05-02,46620000256.0,46620000256.0,42210000896.0,45360001024.0,0,0.0,0.0
2011-05-03,42839998464.0,46620000256.0,42839998464.0,45360001024.0,0,0.0,0.0
2011-05-04,44100001792.0,47250001920.0,42839998464.0,44100001792.0,0,0.0,0.0
2011-05-06,42210000896.0,46620000256.0,42210000896.0,46620000256.0,0,0.0,0.0
2011-05-09,49139998720.0,49139998720.0,39060000768.0,44100001792.0,0,0.0,0.0
2011-05-10,44100001792.0,45989998592.0,39689998336.0,42839998464.0,0,0.0,0.0
2011-05-11,39689998336.0,42839998464.0,39689998336.0,40950001664.0,0,0.0,0.0
2011-05-12,40950001664.0,44100001792.0,40320000000.0,40320000000.0,0,0.0,0.0
2011-05-13,44100001792.0,44100001792.0,39060000768.0,40950001664.0,0,0.0,0.0
2011-05-16,40320000000.0,40950001664.0,37800001536.0,40320000000.0,0,0.0,0.0
2011-05-17,40320000000.0,40320000000.0,37800001536.0,37800001536.0,0,0.0,0.0
2011-05-18,38429999104.0,39060000768.0,37800001536.0,38429999104.0,0,0.0,0.0
2011-05-19,39060000768.0,44100001792.0,39060000768.0,39689998336.0,0,0.0,0.0
2011-05-20,38429999104.0,39689998336.0,37800001536.0,37800001536.0,0,0.0,0.0
2011-05-23,37800001536.0,44100001792.0,37800001536.0,40950001664.0,0,0.0,0.0
2011-05-24,40950001664.0,41579999232.0,40950001664.0,40950001664.0,0,0.0,0.0
2011-05-25,39689998336.0,44100001792.0,39689998336.0,44100001792.0,0,0.0,0.0
2011-05-27,38429999104.0,39689998336.0,38429999104.0,38429999104.0,0,0.0,0.0
2011-06-01,40950001664.0,40950001664.0,36539998208.0,36539998208.0,0,0.0,0.0
2011-06-02,37800001536.0,39689998336.0,37800001536.0,39060000768.0,0,0.0,0.0
2011-06-03,39060000768.0,39060000768.0,37800001536.0,39060000768.0,0,0.0,0.0
2011-06-06,37800001536.0,37800001536.0,35910000640.0,35910000640.0,0,0.0,0.0
2011-06-08,35910000640.0,37800001536.0,35910000640.0,37169999872.0,0,0.0,0.0
2011-06-09,37169999872.0,37169999872.0,34650001408.0,34650001408.0,0,0.0,0.0
2011-06-10,34019999744.0,34019999744.0,31499999232.0,31499999232.0,0,0.0,0.0
2011-06-13,31499999232.0,32760000512.0,28349999104.0,28349999104.0,0,0.0,0.0
2011-06-14,27719999488.0,28980000768.0,27089999872.0,27089999872.0,0,0.0,0.0
2011-06-15,26460000256.0,28349999104.0,25200001024.0,25830000640.0,0,0.0,0.0
2011-06-16,25200001024.0,25830000640.0,23939999744.0,25200001024.0,0,0.0,0.0
2011-06-17,25200001024.0,25830000640.0,24569999360.0,24569999360.0,0,0.0,0.0
2011-06-20,24569999360.0,26460000256.0,24569999360.0,25200001024.0,0,0.0,0.0
2011-06-21,25830000640.0,25830000640.0,23939999744.0,23939999744.0,0,0.0,0.0
2011-06-22,24569999360.0,25200001024.0,23939999744.0,25200001024.0,0,0.0,0.0
2011-06-23,25200001024.0,25200001024.0,22050000896.0,22680000512.0,0,0.0,0.0
2011-06-24,25137000448.0,25137000448.0,23625000960.0,23625000960.0,0,0.0,0.1
2011-06-27,19844999168.0,19844999168.0,19844999168.0,19844999168.0,0,0.0,0.0
2011-06-28,19844999168.0,20475000832.0,19844999168.0,20475000832.0,0,0.0,0.0
2011-06-29,20160000000.0,20160000000.0,19844999168.0,19844999168.0,0,0.0,0.0
2011-06-30,20475000832.0,20475000832.0,20160000000.0,20160000000.0,0,0.0,0.0
2011-07-01,20285999104.0,20412000256.0,20285999104.0,20412000256.0,0,0.0,0.0
2011-07-05,20475000832.0,22050000896.0,20475000832.0,22050000896.0,0,0.0,0.0
2011-07-06,22050000896.0,22050000896.0,22050000896.0,22050000896.0,0,0.0,0.0
2011-07-07,22050000896.0,26460000256.0,22050000896.0,22050000896.0,0,0.0,0.0
2011-07-08,22050000896.0,25200001024.0,22050000896.0,25200001024.0,0,0.0,0.0
2011-07-11,25200001024.0,25200001024.0,22805999616.0,25200001024.0,0,0.0,0.0
2011-07-12,25137000448.0,26208000000.0,24632999936.0,24948000768.0,0,0.0,0.0
2011-07-13,24632999936.0,25830000640.0,22050000896.0,22050000896.0,0,0.0,0.0
2011-07-14,22112999424.0,22364999680.0,18962999296.0,19025999872.0,0,0.0,0.0
2011-07-15,18962999296.0,20034000896.0,18900000768.0,18900000768.0,0,0.0,0.0
2011-07-18,18837000192.0,19655999488.0,18710999040.0,18837000192.0,0,0.0,0.0
2011-07-19,18900000768.0,20726999040.0,18837000192.0,19214999552.0,0,0.0,0.0
2011-07-20,19025999872.0,19782000640.0,18521999360.0,18521999360.0,0,0.0,0.0
2011-07-21,18584999936.0,19466999808.0,17955000320.0,18080999424.0,0,0.0,0.0
2011-07-22,18080999424.0,19214999552.0,18080999424.0,19151998976.0,0,0.0,0.0
2011-07-25,18773999616.0,20096999424.0,15687000064.0,18144000000.0,0,0.0,0.0
2011-07-26,18459000832.0,18584999936.0,17009999872.0,17198999552.0,0,0.0,0.0
2011-07-27,17450999808.0,17639999488.0,15623999488.0,16821000192.0,0,0.0,0.0
2011-07-28,15687000064.0,15687000064.0,15687000064.0,15687000064.0,0,0.0,0.0
2011-07-29,16065000448.0,16128000000.0,15749999616.0,16065000448.0,0,0.0,0.0
2011-08-01,16442999808.0,16568999936.0,16065000448.0,16568999936.0,0,0.0,0.0
2011-08-02,16380000256.0,16380000256.0,16380000256.0,16380000256.0,0,0.0,0.0
2011-08-03,16065000448.0,16316999680.0,15182999552.0,16316999680.0,0,0.0,0.0
2011-08-04,15749999616.0,15749999616.0,14867999744.0,14867999744.0,0,0.0,0.0
2011-08-05,14867999744.0,14867999744.0,13859999744.0,14426999808.0,0,0.0,0.0
2011-08-08,14426999808.0,14426999808.0,10206000128.0,12096000000.0,0,0.0,0.0
2011-08-09,11969999872.0,12600000512.0,11969999872.0,12600000512.0,0,0.0,0.0
2011-08-10,12284999680.0,13733999616.0,12284999680.0,13230000128.0,0,0.0,0.0
2011-08-11,13482000384.0,15308999680.0,13356000256.0,14805000192.0,0,0.0,0.0
2011-08-12,14805000192.0,15875999744.0,14049000448.0,15875999744.0,0,0.0,0.0
2011-08-15,15939000320.0,17136000000.0,15939000320.0,16190999552.0,0,0.0,0.0
2011-08-16,16254000128.0,17262000128.0,16254000128.0,17262000128.0,0,0.0,0.0
2011-08-17,16883999744.0,16883999744.0,15182999552.0,15749999616.0,0,0.0,0.0
2011-08-18,15623999488.0,15623999488.0,13859999744.0,13859999744.0,0,0.0,0.0
2011-08-19,13166999552.0,14174999552.0,10647000064.0,12663000064.0,0,0.0,0.0
2011-08-22,12977999872.0,13292999680.0,12600000512.0,13166999552.0,0,0.0,0.0
2011-08-23,12977999872.0,12977999872.0,11717999616.0,12284999680.0,0,0.0,0.0
2011-08-24,12284999680.0,12915000320.0,11402999808.0,11781000192.0,0,0.0,0.0
2011-08-25,12474000384.0,13230000128.0,12474000384.0,13230000128.0,0,0.0,0.0
2011-08-26,13356000256.0,15120000000.0,12851999744.0,15120000000.0,0,0.0,0.0
2011-08-29,15120000000.0,15120000000.0,13671000064.0,13671000064.0,0,0.0,0.0
2011-08-30,13923000320.0,15120000000.0,12663000064.0,15120000000.0,0,0.0,0.0
2011-08-31,14049000448.0,14174999552.0,11150999552.0,11528999936.0,0,0.0,0.0
2011-09-01,12474000384.0,13041000448.0,11528999936.0,11907000320.0,0,0.0,0.0
2011-09-02,11276999680.0,13859999744.0,11088000000.0,12977999872.0,0,0.0,0.0
2011-09-06,13166999552.0,13166999552.0,10394999808.0,11150999552.0,0,0.0,0.0
2011-09-07,11781000192.0,12600000512.0,10709999616.0,11214000128.0,0,0.0,0.0
2011-09-08,11088000000.0,11591999488.0,10394999808.0,10773000192.0,0,0.0,0.0
2011-09-09,10773000192.0,11655000064.0,10394999808.0,10709999616.0,0,0.0,0.0
2011-09-12,10709999616.0,11025000448.0,10394999808.0,10458000384.0,0,0.0,0.0
2011-09-13,10520999936.0,11214000128.0,10394999808.0,10394999808.0,0,0.0,0.0
2011-09-14,10709999616.0,10709999616.0,10394999808.0,10394999808.0,0,0.0,0.0
2011-09-15,10394999808.0,10394999808.0,10142999552.0,10394999808.0,0,0.0,0.0
2011-09-16,10520999936.0,10520999936.0,9639000064.0,9639000064.0,0,0.0,0.0
2011-09-19,9827999744.0,10394999808.0,9765000192.0,10394999808.0,0,0.0,0.0
2011-09-20,10394999808.0,10394999808.0,10394999808.0,10394999808.0,0,0.0,0.0
2011-09-21,10394999808.0,10394999808.0,9827999744.0,9827999744.0,0,0.0,0.0
2011-09-22,10142999552.0,10142999552.0,9639000064.0,9701999616.0,0,0.0,0.0
2011-09-23,9512999936.0,9512999936.0,9450000384.0,9450000384.0,0,0.0,0.0
2011-09-26,8568000000.0,9134999552.0,8190000128.0,9134999552.0,0,0.0,0.0
2011-09-27,9072000000.0,9072000000.0,8253000192.0,8316000256.0,0,0.0,0.0
2011-09-28,8568000000.0,8568000000.0,8378999808.0,8378999808.0,0,0.0,0.0
2011-09-29,8693999616.0,9450000384.0,8190000128.0,9134999552.0,0,0.0,0.0
2011-09-30,8504999936.0,9198000128.0,8504999936.0,9134999552.0,0,0.0,0.0
2011-10-03,8631000064.0,9450000384.0,7937999872.0,7937999872.0,0,0.0,0.0
2011-10-04,8504999936.0,8504999936.0,7686000128.0,7686000128.0,0,0.0,0.0
2011-10-05,7937999872.0,8127000064.0,7686000128.0,7686000128.0,0,0.0,0.0
2011-10-06,6929999872.0,7433999872.0,6300000256.0,6929999872.0,0,0.0,0.0
2011-10-07,7245000192.0,7749000192.0,6362999808.0,6678000128.0,0,0.0,0.0
2011-10-10,7370999808.0,7560000000.0,6425999872.0,6425999872.0,0,0.0,0.0
2011-10-11,6425999872.0,6488999936.0,6300000256.0,6425999872.0,0,0.0,0.0
2011-10-12,6425999872.0,13230000128.0,6425999872.0,12284999680.0,0,0.0,0.0
2011-10-13,12536999936.0,13418999808.0,9512999936.0,12725999616.0,0,0.0,0.0
2011-10-14,12536999936.0,13797000192.0,11969999872.0,13292999680.0,0,0.0,0.0
2011-10-17,13544999936.0,17703000064.0,13104000000.0,13230000128.0,0,0.0,0.0
2011-10-18,14426999808.0,15623999488.0,12474000384.0,14049000448.0,0,0.0,0.0
2011-10-19,13923000320.0,15372000256.0,13923000320.0,14490000384.0,0,0.0,0.0
2011-10-20,14490000384.0,15498000384.0,14174999552.0,14490000384.0,0,0.0,0.0
2011-10-21,10080000000.0,14490000384.0,9827999744.0,13607999488.0,0,0.0,0.0
2011-10-24,13166999552.0,13859999744.0,12977999872.0,13544999936.0,0,0.0,0.0
2011-10-25,14049000448.0,14238000128.0,13418999808.0,13607999488.0,0,0.0,0.0
2011-10-26,14049000448.0,15498000384.0,13985999872.0,14679000064.0,0,0.0,0.0
2011-10-27,14931000320.0,16821000192.0,14616000512.0,16065000448.0,0,0.0,0.0
2011-10-28,16568999936.0,18207000576.0,15939000320.0,17766000640.0,0,0.0,0.0
2011-10-31,16568999936.0,17955000320.0,16442999808.0,17577000960.0,0,0.0,0.0
2011-11-01,16254000128.0,16568999936.0,15749999616.0,16001999872.0,0,0.0,0.0
2011-11-02,16001999872.0,16821000192.0,15246000128.0,16695000064.0,0,0.0,0.0
2011-11-03,16568999936.0,16568999936.0,15498000384.0,16380000256.0,0,0.0,0.0
2011-11-04,15875999744.0,16883999744.0,15560999936.0,15749999616.0,0,0.0,0.0
2011-11-07,14741999616.0,15308999680.0,14238000128.0,15308999680.0,0,0.0,0.0
2011-11-08,14993999872.0,15057000448.0,13985999872.0,14490000384.0,0,0.0,0.0
2011-11-09,14112000000.0,14805000192.0,14112000000.0,14679000064.0,0,0.0,0.0
2011-11-10,14679000064.0,15120000000.0,14300999680.0,14426999808.0,0,0.0,0.0
2011-11-11,14174999552.0,14364000256.0,14049000448.0,14300999680.0,0,0.0,0.0
2011-11-14,14174999552.0,14300999680.0,13985999872.0,14300999680.0,0,0.0,0.0
2011-11-15,14490000384.0,14679000064.0,14238000128.0,14679000064.0,0,0.0,0.0
2011-11-16,15120000000.0,15434999808.0,14679000064.0,15120000000.0,0,0.0,0.0
2011-11-17,15560999936.0,15749999616.0,15246000128.0,15749999616.0,0,0.0,0.0
2011-11-18,15749999616.0,17009999872.0,14805000192.0,15749999616.0,0,0.0,0.0
2011-11-21,15434999808.0,16380000256.0,15434999808.0,16380000256.0,0,0.0,0.0
2011-11-22,16380000256.0,17009999872.0,14867999744.0,15813000192.0,0,0.0,0.0
2011-11-23,15434999808.0,16254000128.0,15434999808.0,15623999488.0,0,0.0,0.0
2011-11-25,15434999808.0,15434999808.0,15434999808.0,15434999808.0,0,0.0,0.0
2011-11-28,15434999808.0,15434999808.0,14741999616.0,15246000128.0,0,0.0,0.0
2011-11-29,14993999872.0,14993999872.0,13859999744.0,14426999808.0,0,0.0,0.0
2011-11-30,14426999808.0,15182999552.0,14426999808.0,15182999552.0,0,0.0,0.0
2011-12-01,15182999552.0,15687000064.0,14616000512.0,15687000064.0,0,0.0,0.0
2011-12-02,15372000256.0,16695000064.0,15246000128.0,16380000256.0,0,0.0,0.0
2011-12-05,15813000192.0,16506000384.0,15813000192.0,16065000448.0,0,0.0,0.0
2011-12-06,15749999616.0,16568999936.0,15749999616.0,16568999936.0,0,0.0,0.0
2011-12-07,15939000320.0,16632000512.0,15813000192.0,16380000256.0,0,0.0,0.0
2011-12-08,16254000128.0,16254000128.0,16254000128.0,16254000128.0,0,0.0,0.0
2011-12-09,16254000128.0,16695000064.0,16254000128.0,16380000256.0,0,0.0,0.0
2011-12-12,16190999552.0,16883999744.0,16001999872.0,16065000448.0,0,0.0,0.0
2011-12-13,15875999744.0,16190999552.0,15246000128.0,15687000064.0,0,0.0,0.0
2011-12-14,15498000384.0,15623999488.0,15372000256.0,15372000256.0,0,0.0,0.0
2011-12-15,15434999808.0,15434999808.0,13041000448.0,13671000064.0,0,0.0,0.0
2011-12-16,13544999936.0,13859999744.0,13544999936.0,13797000192.0,0,0.0,0.0
2011-12-19,13607999488.0,13607999488.0,12663000064.0,12789000192.0,0,0.0,0.0
2011-12-20,12915000320.0,13230000128.0,12600000512.0,12600000512.0,0,0.0,0.0
2011-12-21,12536999936.0,12536999936.0,10709999616.0,11969999872.0,0,0.0,0.0
2011-12-22,12410999808.0,12600000512.0,12033000448.0,12536999936.0,0,0.0,0.0
2011-12-23,12033000448.0,12600000512.0,11969999872.0,12600000512.0,0,0.0,0.0
2011-12-27,12033000448.0,12284999680.0,11969999872.0,12033000448.0,0,0.0,0.0
2011-12-28,12033000448.0,12033000448.0,10206000128.0,10899000320.0,0,0.0,0.0
2011-12-29,10961999872.0,13356000256.0,10458000384.0,12284999680.0,0,0.0,0.0
2011-12-30,12222000128.0,12789000192.0,11150999552.0,11276999680.0,0,0.0,0.0
2012-01-03,11214000128.0,11655000064.0,10709999616.0,10709999616.0,0,0.0,0.0
2012-01-04,13797000192.0,13797000192.0,10709999616.0,10709999616.0,0,0.0,0.0
2012-01-05,11340000256.0,11591999488.0,11340000256.0,11591999488.0,0,0.0,0.0
2012-01-06,10709999616.0,11655000064.0,10709999616.0,11591999488.0,0,0.0,0.0
2012-01-09,11340000256.0,11340000256.0,11340000256.0,11340000256.0,0,0.0,0.0
2012-01-10,11340000256.0,11591999488.0,11340000256.0,11528999936.0,0,0.0,0.0
2012-01-11,11402999808.0,11591999488.0,11214000128.0,11591999488.0,0,0.0,0.0
2012-01-12,11591999488.0,11591999488.0,11591999488.0,11591999488.0,0,0.0,0.0
2012-01-13,11150999552.0,11340000256.0,11150999552.0,11340000256.0,0,0.0,0.0
2012-01-17,10835999744.0,11340000256.0,10835999744.0,11088000000.0,0,0.0,0.0
2012-01-18,11843999744.0,11843999744.0,11276999680.0,11276999680.0,0,0.0,0.0
2012-01-19,11088000000.0,11591999488.0,10709999616.0,11528999936.0,0,0.0,0.0
2012-01-20,11528999936.0,11528999936.0,11528999936.0,11528999936.0,0,0.0,0.0
2012-01-23,9953999872.0,11655000064.0,9953999872.0,11088000000.0,0,0.0,0.0
2012-01-24,10835999744.0,10835999744.0,10709999616.0,10709999616.0,0,0.0,0.0
2012-01-25,10709999616.0,11276999680.0,10709999616.0,10773000192.0,0,0.0,0.0
2012-01-26,10709999616.0,11025000448.0,10709999616.0,11025000448.0,0,0.0,0.0
2012-01-27,10709999616.0,10709999616.0,10709999616.0,10709999616.0,0,0.0,0.0
2012-01-31,10773000192.0,10835999744.0,10709999616.0,10835999744.0,0,0.0,0.0
2012-02-01,10835999744.0,10835999744.0,9575999488.0,9575999488.0,0,0.0,0.0
2012-02-02,10080000000.0,10206000128.0,9134999552.0,9134999552.0,0,0.0,0.0
2012-02-03,9198000128.0,9386999808.0,8190000128.0,8568000000.0,0,0.0,0.0
2012-02-06,8568000000.0,10584000512.0,8568000000.0,10584000512.0,0,0.0,0.0
2012-02-07,10584000512.0,10584000512.0,9386999808.0,9765000192.0,0,0.0,0.0
2012-02-08,10080000000.0,10584000512.0,10080000000.0,10394999808.0,0,0.0,0.0
2012-02-09,10835999744.0,11528999936.0,10709999616.0,11276999680.0,0,0.0,0.0
2012-02-10,11150999552.0,11843999744.0,11150999552.0,11781000192.0,0,0.0,0.0
2012-02-13,11781000192.0,11781000192.0,11402999808.0,11402999808.0,0,0.0,0.0
2012-02-14,13418999808.0,13544999936.0,9827999744.0,12348000256.0,0,0.0,0.0
2012-02-15,12348000256.0,12663000064.0,12158999552.0,12600000512.0,0,0.0,0.0
2012-02-16,13230000128.0,13292999680.0,12851999744.0,13230000128.0,0,0.0,0.0
2012-02-17,12977999872.0,15749999616.0,12977999872.0,14174999552.0,0,0.0,0.0
2012-02-21,17891999744.0,20726999040.0,15372000256.0,19971000320.0,0,0.0,0.0
2012-02-22,20475000832.0,32760000512.0,20475000832.0,24192000000.0,0,0.0,0.0
2012-02-23,24444000256.0,26144999424.0,21482999808.0,22050000896.0,0,0.0,0.0
2012-02-24,20916000768.0,24192000000.0,18837000192.0,19089000448.0,0,0.0,0.0
2012-02-27,19089000448.0,20475000832.0,19089000448.0,19782000640.0,0,0.0,0.0
2012-02-28,19907999744.0,20726999040.0,19214999552.0,19530000384.0,0,0.0,0.0
2012-02-29,20475000832.0,20916000768.0,16695000064.0,17073000448.0,0,0.0,0.0
2012-03-01,17198999552.0,17198999552.0,16065000448.0,16128000000.0,0,0.0,0.0
2012-03-02,16128000000.0,16128000000.0,14867999744.0,15120000000.0,0,0.0,0.0
2012-03-05,15498000384.0,15498000384.0,13985999872.0,14931000320.0,0,0.0,0.0
2012-03-06,14931000320.0,14931000320.0,13797000192.0,13923000320.0,0,0.0,0.0
2012-03-07,13985999872.0,15498000384.0,13985999872.0,14616000512.0,0,0.0,0.0
2012-03-08,14867999744.0,15498000384.0,14616000512.0,15120000000.0,0,0.0,0.0
2012-03-09,15120000000.0,16632000512.0,15120000000.0,15498000384.0,0,0.0,0.0
2012-03-12,15687000064.0,17387999232.0,13482000384.0,13985999872.0,0,0.0,0.0
2012-03-13,13985999872.0,14867999744.0,13292999680.0,13985999872.0,0,0.0,0.0
2012-03-14,13733999616.0,13985999872.0,13041000448.0,13859999744.0,0,0.0,0.0
2012-03-15,13733999616.0,14426999808.0,13356000256.0,14049000448.0,0,0.0,0.0
2012-03-16,13985999872.0,16821000192.0,13985999872.0,14426999808.0,0,0.0,0.0
2012-03-19,14616000512.0,16442999808.0,14490000384.0,14679000064.0,0,0.0,0.0
2012-03-20,14805000192.0,14993999872.0,13859999744.0,14112000000.0,0,0.0,0.0
2012-03-21,14049000448.0,14174999552.0,13418999808.0,13671000064.0,0,0.0,0.0
2012-03-22,13671000064.0,14616000512.0,12600000512.0,14300999680.0,0,0.0,0.0
2012-03-23,14426999808.0,14552999936.0,13166999552.0,13671000064.0,0,0.0,0.0
2012-03-26,13230000128.0,14300999680.0,13104000000.0,13859999744.0,0,0.0,0.0
2012-03-27,13859999744.0,13985999872.0,13230000128.0,13292999680.0,0,0.0,0.0
2012-03-28,13607999488.0,14300999680.0,13230000128.0,13607999488.0,0,0.0,0.0
2012-03-29,13923000320.0,15687000064.0,13292999680.0,14679000064.0,0,0.0,0.0
2012-03-30,14426999808.0,15560999936.0,14300999680.0,14679000064.0,0,0.0,0.0
2012-04-02,14300999680.0,15687000064.0,14238000128.0,15308999680.0,0,0.0,0.0
2012-04-03,15623999488.0,15623999488.0,15120000000.0,15560999936.0,0,0.0,0.0
2012-04-04,15120000000.0,15120000000.0,13544999936.0,13733999616.0,0,0.0,0.0
2012-04-05,13733999616.0,13733999616.0,13544999936.0,13607999488.0,0,0.0,0.0
2012-04-09,13482000384.0,13671000064.0,13104000000.0,13418999808.0,0,0.0,0.0
2012-04-10,14174999552.0,14300999680.0,12600000512.0,13230000128.0,0,0.0,0.0
2012-04-11,13797000192.0,17325000704.0,13797000192.0,14993999872.0,0,0.0,0.0
2012-04-12,17325000704.0,23625000960.0,16380000256.0,18332999680.0,0,0.0,0.0
2012-04-13,17387999232.0,18018000896.0,14867999744.0,14993999872.0,0,0.0,0.0
2012-04-16,16506000384.0,16506000384.0,14364000256.0,15434999808.0,0,0.0,0.0
2012-04-17,15875999744.0,16190999552.0,14805000192.0,15813000192.0,0,0.0,0.0
2012-04-18,15308999680.0,15308999680.0,13482000384.0,13482000384.0,0,0.0,0.0
2012-04-19,13859999744.0,14364000256.0,13544999936.0,13607999488.0,0,0.0,0.0
2012-04-20,13671000064.0,14238000128.0,13544999936.0,13607999488.0,0,0.0,0.0
2012-04-23,14238000128.0,14426999808.0,13230000128.0,13418999808.0,0,0.0,0.0
2012-04-24,13292999680.0,14364000256.0,13292999680.0,13544999936.0,0,0.0,0.0
2012-04-25,14300999680.0,16128000000.0,12348000256.0,13041000448.0,0,0.0,0.0
2012-04-26,13041000448.0,13985999872.0,12284999680.0,13356000256.0,0,0.0,0.0
2012-04-27,13292999680.0,13292999680.0,12977999872.0,13041000448.0,0,0.0,0.0
2012-04-30,13166999552.0,13230000128.0,12410999808.0,12789000192.0,0,0.0,0.0
2012-05-01,12851999744.0,13544999936.0,12851999744.0,12915000320.0,0,0.0,0.0
2012-05-02,13041000448.0,14238000128.0,12915000320.0,14049000448.0,0,0.0,0.0
2012-05-03,13482000384.0,13482000384.0,12536999936.0,12600000512.0,0,0.0,0.0
2012-05-04,12348000256.0,12789000192.0,11466000384.0,11655000064.0,0,0.0,0.0
2012-05-07,11466000384.0,12348000256.0,11466000384.0,12284999680.0,0,0.0,0.0
2012-05-08,11025000448.0,11340000256.0,10709999616.0,10899000320.0,0,0.0,0.0
2012-05-09,10899000320.0,10899000320.0,9701999616.0,9765000192.0,0,0.0,0.0
2012-05-10,10206000128.0,11717999616.0,10206000128.0,10835999744.0,0,0.0,0.0
2012-05-11,10899000320.0,11088000000.0,10899000320.0,11088000000.0,0,0.0,0.0
2012-05-14,10961999872.0,10961999872.0,9765000192.0,10394999808.0,0,0.0,0.0
2012-05-15,10458000384.0,11340000256.0,10458000384.0,11340000256.0,0,0.0,0.0
2012-05-16,10709999616.0,11276999680.0,10394999808.0,10899000320.0,0,0.0,0.0
2012-05-17,10394999808.0,10520999936.0,10080000000.0,10080000000.0,0,0.0,0.0
2012-05-18,10268999680.0,10268999680.0,9512999936.0,9512999936.0,0,0.0,0.0
2012-05-21,9765000192.0,11276999680.0,9512999936.0,9575999488.0,0,0.0,0.0
2012-05-22,10080000000.0,11214000128.0,9386999808.0,9386999808.0,0,0.0,0.0
2012-05-23,9450000384.0,9512999936.0,8819999744.0,9072000000.0,0,0.0,0.0
2012-05-24,9072000000.0,10647000064.0,9072000000.0,9260999680.0,0,0.0,0.0
2012-05-25,9260999680.0,10268999680.0,9260999680.0,9512999936.0,0,0.0,0.0
2012-05-29,9324000256.0,10520999936.0,8631000064.0,9827999744.0,0,0.0,0.0
2012-05-30,9575999488.0,10458000384.0,8568000000.0,9512999936.0,0,0.0,0.0
2012-05-31,9260999680.0,9260999680.0,8757000192.0,8819999744.0,0,0.0,0.0
2012-06-01,8757000192.0,8757000192.0,7874999808.0,8693999616.0,0,0.0,0.0
2012-06-04,8568000000.0,8568000000.0,8190000128.0,8441999872.0,0,0.0,0.0
2012-06-05,8064000000.0,8757000192.0,8064000000.0,8757000192.0,0,0.0,0.0
2012-06-06,8757000192.0,9260999680.0,8693999616.0,8819999744.0,0,0.0,0.0
2012-06-07,9009000448.0,9009000448.0,8504999936.0,8757000192.0,0,0.0,0.0
2012-06-08,8568000000.0,8568000000.0,8000999936.0,8378999808.0,0,0.0,0.0
2012-06-11,8883000320.0,8883000320.0,7937999872.0,7937999872.0,0,0.0,0.0
2012-06-12,8000999936.0,8000999936.0,8000999936.0,8000999936.0,0,0.0,0.0
2012-06-13,7874999808.0,7937999872.0,7749000192.0,7874999808.0,0,0.0,0.0
2012-06-14,7811999744.0,9134999552.0,7686000128.0,7937999872.0,0,0.0,0.0
2012-06-15,7937999872.0,7937999872.0,7937999872.0,7937999872.0,0,0.0,0.0
2012-06-18,8253000192.0,8631000064.0,7623000064.0,7686000128.0,0,0.0,0.0
2012-06-19,8064000000.0,10584000512.0,7749000192.0,9450000384.0,0,0.0,0.0
2012-06-20,11025000448.0,13482000384.0,10520999936.0,11088000000.0,0,0.0,0.0
2012-06-21,12915000320.0,13041000448.0,9765000192.0,10142999552.0,0,0.0,0.0
2012-06-22,9953999872.0,11466000384.0,9953999872.0,10773000192.0,0,0.0,0.0
2012-06-25,10835999744.0,10835999744.0,10142999552.0,10142999552.0,0,0.0,0.0
2012-06-26,10458000384.0,10647000064.0,10268999680.0,10332000256.0,0,0.0,0.0
2012-06-27,10332000256.0,10647000064.0,10080000000.0,10142999552.0,0,0.0,0.0
2012-06-28,10080000000.0,10080000000.0,9765000192.0,9891000320.0,0,0.0,0.0
2012-06-29,10520999936.0,10647000064.0,10142999552.0,10584000512.0,0,0.0,0.0
2012-07-02,10268999680.0,10268999680.0,10080000000.0,10206000128.0,0,0.0,0.0
2012-07-03,10206000128.0,11781000192.0,10206000128.0,10458000384.0,0,0.0,0.0
2012-07-05,10520999936.0,11781000192.0,9701999616.0,10332000256.0,0,0.0,0.0
2012-07-06,11781000192.0,11781000192.0,10773000192.0,11591999488.0,0,0.0,0.0
2012-07-09,11402999808.0,11402999808.0,11340000256.0,11340000256.0,0,0.0,0.0
2012-07-10,10520999936.0,10961999872.0,9827999744.0,10835999744.0,0,0.0,0.0
2012-07-11,9953999872.0,10017000448.0,9953999872.0,10017000448.0,0,0.0,0.0
2012-07-12,10773000192.0,10773000192.0,10268999680.0,10268999680.0,0,0.0,0.0
2012-07-13,10332000256.0,10394999808.0,9953999872.0,9953999872.0,0,0.0,0.0
2012-07-16,10080000000.0,10080000000.0,10080000000.0,10080000000.0,0,0.0,0.0
2012-07-17,10080000000.0,10080000000.0,10017000448.0,10080000000.0,0,0.0,0.0
2012-07-19,9701999616.0,9701999616.0,9512999936.0,9512999936.0,0,0.0,0.0
2012-07-20,9765000192.0,9765000192.0,9765000192.0,9765000192.0,0,0.0,0.0
2012-07-23,10394999808.0,10394999808.0,8504999936.0,9009000448.0,0,0.0,0.0
2012-07-24,8945999872.0,9009000448.0,8945999872.0,8945999872.0,0,0.0,0.0
2012-07-25,9198000128.0,9386999808.0,8945999872.0,8945999872.0,0,0.0,0.0
2012-07-26,9198000128.0,9198000128.0,7686000128.0,8504999936.0,0,0.0,0.0
2012-07-27,8064000000.0,8693999616.0,8064000000.0,8693999616.0,0,0.0,0.0
2012-07-30,8253000192.0,8693999616.0,8253000192.0,8693999616.0,0,0.0,0.0
2012-07-31,7874999808.0,8316000256.0,7874999808.0,8316000256.0,0,0.0,0.0
2012-08-01,7937999872.0,8631000064.0,7937999872.0,8631000064.0,0,0.0,0.0
2012-08-02,7937999872.0,8378999808.0,7937999872.0,7937999872.0,0,0.0,0.0
2012-08-03,7937999872.0,8253000192.0,7937999872.0,7937999872.0,0,0.0,0.0
2012-08-06,8316000256.0,8316000256.0,7874999808.0,8000999936.0,0,0.0,0.0
2012-08-07,8504999936.0,8631000064.0,7874999808.0,8064000000.0,0,0.0,0.0
2012-08-08,8064000000.0,8064000000.0,8064000000.0,8064000000.0,0,0.0,0.0
2012-08-09,8504999936.0,8504999936.0,8504999936.0,8504999936.0,0,0.0,0.0
2012-08-10,7937999872.0,8064000000.0,7874999808.0,7874999808.0,0,0.0,0.0
2012-08-13,8504999936.0,8504999936.0,7874999808.0,7874999808.0,0,0.0,0.0
2012-08-14,7874999808.0,8127000064.0,7874999808.0,7874999808.0,0,0.0,0.0
2012-08-15,7874999808.0,7937999872.0,7874999808.0,7937999872.0,0,0.0,0.0
2012-08-16,8127000064.0,8504999936.0,8127000064.0,8441999872.0,0,0.0,0.0
2012-08-17,7874999808.0,7874999808.0,7874999808.0,7874999808.0,0,0.0,0.0
2012-08-20,8127000064.0,8127000064.0,8127000064.0,8127000064.0,0,0.0,0.0
2012-08-27,7749000192.0,7811999744.0,7749000192.0,7811999744.0,0,0.0,0.0
2012-08-28,7811999744.0,7811999744.0,7811999744.0,7811999744.0,0,0.0,0.0
2012-09-04,7749000192.0,8378999808.0,6992999936.0,8378999808.0,0,0.0,0.0
2012-09-05,7937999872.0,8441999872.0,7370999808.0,8441999872.0,0,0.0,0.0
2012-09-06,8253000192.0,8253000192.0,7245000192.0,8127000064.0,0,0.0,0.0
2012-09-07,8378999808.0,8378999808.0,7623000064.0,7623000064.0,0,0.0,0.0
2012-09-10,7937999872.0,8441999872.0,7560000000.0,7560000000.0,0,0.0,0.0
2012-09-11,7496999936.0,7560000000.0,7370999808.0,7496999936.0,0,0.0,0.0
2012-09-12,8253000192.0,8253000192.0,7370999808.0,7686000128.0,0,0.0,0.0
2012-09-13,7686000128.0,7686000128.0,7686000128.0,7686000128.0,0,0.0,0.0
2012-09-14,7496999936.0,8441999872.0,7433999872.0,7686000128.0,0,0.0,0.0
2012-09-17,7560000000.0,8127000064.0,7560000000.0,8127000064.0,0,0.0,0.0
2012-09-18,7308000256.0,8378999808.0,7308000256.0,7874999808.0,0,0.0,0.0
2012-09-19,7749000192.0,7874999808.0,7370999808.0,7496999936.0,0,0.0,0.0
2012-09-20,7496999936.0,7496999936.0,7496999936.0,7496999936.0,0,0.0,0.0
2012-09-21,7686000128.0,7686000128.0,7245000192.0,7245000192.0,0,0.0,0.0
2012-09-24,7056000000.0,7370999808.0,7056000000.0,7119000064.0,0,0.0,0.0
2012-09-25,7496999936.0,8064000000.0,6992999936.0,7119000064.0,0,0.0,0.0
2012-09-26,7560000000.0,7686000128.0,7308000256.0,7496999936.0,0,0.0,0.0
2012-09-27,7433999872.0,7433999872.0,7056000000.0,7119000064.0,0,0.0,0.0
2012-09-28,6992999936.0,6992999936.0,6992999936.0,6992999936.0,0,0.0,0.0
2012-10-01,7245000192.0,7560000000.0,7245000192.0,7560000000.0,0,0.0,0.0
2012-10-04,6741000192.0,7433999872.0,6741000192.0,7433999872.0,0,0.0,0.0
2012-10-05,7811999744.0,7811999744.0,7182000128.0,7182000128.0,0,0.0,0.0
2012-10-08,6992999936.0,7182000128.0,6866999808.0,6992999936.0,0,0.0,0.0
2012-10-09,6929999872.0,7056000000.0,6929999872.0,7056000000.0,0,0.0,0.0
2012-10-10,7119000064.0,7245000192.0,7056000000.0,7056000000.0,0,0.0,0.0
2012-10-15,6615000064.0,6615000064.0,6300000256.0,6425999872.0,0,0.0,0.0
2012-10-16,6929999872.0,7056000000.0,6300000256.0,6425999872.0,0,0.0,0.0
2012-10-17,6237000192.0,6866999808.0,6111000064.0,6866999808.0,0,0.0,0.0
2012-10-18,6929999872.0,7056000000.0,6929999872.0,6929999872.0,0,0.0,0.0
2012-10-19,6929999872.0,6929999872.0,6929999872.0,6929999872.0,0,0.0,0.0
2012-10-22,6300000256.0,6362999808.0,6300000256.0,6362999808.0,0,0.0,0.0
2012-10-23,6552000000.0,6866999808.0,6362999808.0,6866999808.0,0,0.0,0.0
2012-10-24,6615000064.0,6615000064.0,6615000064.0,6615000064.0,0,0.0,0.0
2012-10-25,6678000128.0,6803999744.0,6678000128.0,6803999744.0,0,0.0,0.0
2012-10-26,6678000128.0,6678000128.0,6615000064.0,6615000064.0,0,0.0,0.0
2012-11-05,6803999744.0,6992999936.0,6803999744.0,6992999936.0,0,0.0,0.0
2012-11-06,6362999808.0,6929999872.0,6362999808.0,6929999872.0,0,0.0,0.0
2012-11-08,6992999936.0,7056000000.0,6992999936.0,7056000000.0,0,0.0,0.0
2012-11-09,6300000256.0,6300000256.0,6300000256.0,6300000256.0,0,0.0,0.0
2012-11-12,6866999808.0,7182000128.0,6866999808.0,6929999872.0,0,0.0,0.0
2012-11-15,6425999872.0,7182000128.0,6425999872.0,7182000128.0,0,0.0,0.0
2012-11-16,7811999744.0,7811999744.0,6929999872.0,6929999872.0,0,0.0,0.0
2012-11-19,7496999936.0,8064000000.0,6552000000.0,8064000000.0,0,0.0,0.0
2012-11-20,7560000000.0,7560000000.0,7560000000.0,7560000000.0,0,0.0,0.0
2012-11-21,7811999744.0,7811999744.0,6866999808.0,6866999808.0,0,0.0,0.0
2012-11-23,8000999936.0,8190000128.0,7874999808.0,7874999808.0,0,0.0,0.0
2012-11-26,6866999808.0,6866999808.0,6866999808.0,6866999808.0,0,0.0,0.0
2012-11-27,8064000000.0,9134999552.0,7119000064.0,7119000064.0,0,0.0,0.0
2012-11-28,7056000000.0,7056000000.0,7056000000.0,7056000000.0,0,0.0,0.0
2012-11-29,7937999872.0,7937999872.0,7119000064.0,7370999808.0,0,0.0,0.0
2012-11-30,7119000064.0,7874999808.0,7119000064.0,7874999808.0,0,0.0,0.0
2012-12-03,7749000192.0,7874999808.0,7245000192.0,7811999744.0,0,0.0,0.0
2012-12-04,7874999808.0,7874999808.0,7245000192.0,7560000000.0,0,0.0,0.0
2012-12-05,7308000256.0,8757000192.0,7119000064.0,8757000192.0,0,0.0,0.0
2012-12-06,7686000128.0,8693999616.0,7245000192.0,8693999616.0,0,0.0,0.0
2012-12-07,7245000192.0,8631000064.0,6678000128.0,6678000128.0,0,0.0,0.0
2012-12-10,7686000128.0,7686000128.0,6615000064.0,6615000064.0,0,0.0,0.0
2012-12-11,6866999808.0,6929999872.0,5544000000.0,5544000000.0,0,0.0,0.0
2012-12-12,6992999936.0,7056000000.0,6237000192.0,6237000192.0,0,0.0,0.0
2012-12-13,6425999872.0,6678000128.0,6300000256.0,6300000256.0,0,0.0,0.0
2012-12-14,6300000256.0,7119000064.0,6300000256.0,6300000256.0,0,0.0,0.0
2012-12-17,6300000256.0,6300000256.0,6237000192.0,6300000256.0,0,0.0,0.0
2012-12-18,6300000256.0,6300000256.0,5921999872.0,5984999936.0,0,0.0,0.0
2012-12-19,6300000256.0,6615000064.0,6237000192.0,6237000192.0,0,0.0,0.0
2012-12-20,6362999808.0,6866999808.0,6237000192.0,6237000192.0,0,0.0,0.0
2012-12-21,6362999808.0,6362999808.0,6362999808.0,6362999808.0,0,0.0,0.0
2012-12-24,6425999872.0,6552000000.0,6425999872.0,6425999872.0,0,0.0,0.0
2012-12-26,6425999872.0,6615000064.0,6425999872.0,6615000064.0,0,0.0,0.0
2012-12-27,6741000192.0,6741000192.0,5733000192.0,5733000192.0,0,0.0,0.0
2012-12-28,5795999744.0,6048000000.0,5733000192.0,5921999872.0,0,0.0,0.0
2012-12-31,5921999872.0,6237000192.0,5733000192.0,5921999872.0,0,0.0,0.0
2013-01-02,6300000256.0,6300000256.0,5670000128.0,5795999744.0,0,0.0,0.0
2013-01-03,6174000128.0,6237000192.0,5858999808.0,5921999872.0,0,0.0,0.0
2013-01-04,6237000192.0,7560000000.0,6237000192.0,6615000064.0,0,0.0,0.0
2013-01-07,6866999808.0,7560000000.0,6615000064.0,6992999936.0,0,0.0,0.0
2013-01-08,6992999936.0,7245000192.0,6929999872.0,7119000064.0,0,0.0,0.0
2013-01-09,7056000000.0,8127000064.0,7056000000.0,7874999808.0,0,0.0,0.0
2013-01-10,8127000064.0,8504999936.0,7496999936.0,7623000064.0,0,0.0,0.0
2013-01-11,7308000256.0,8504999936.0,7308000256.0,8190000128.0,0,0.0,0.0
2013-01-14,8441999872.0,8441999872.0,7560000000.0,7874999808.0,0,0.0,0.0
2013-01-15,7560000000.0,7560000000.0,7245000192.0,7496999936.0,0,0.0,0.0
2013-01-16,7433999872.0,7560000000.0,6929999872.0,7370999808.0,0,0.0,0.0
2013-01-17,7433999872.0,7560000000.0,6741000192.0,6803999744.0,0,0.0,0.0
2013-01-18,7119000064.0,7119000064.0,6866999808.0,7056000000.0,0,0.0,0.0
2013-01-22,6929999872.0,6992999936.0,6425999872.0,6992999936.0,0,0.0,0.0
2013-01-24,6488999936.0,6929999872.0,6488999936.0,6929999872.0,0,0.0,0.0
2013-01-28,6741000192.0,6741000192.0,6425999872.0,6425999872.0,0,0.0,0.0
2013-01-29,6678000128.0,6678000128.0,6425999872.0,6425999872.0,0,0.0,0.0
2013-01-30,6678000128.0,6866999808.0,5858999808.0,6111000064.0,0,0.0,0.0
2013-01-31,5858999808.0,6615000064.0,5858999808.0,6615000064.0,0,0.0,0.0
2013-02-01,6300000256.0,6741000192.0,6237000192.0,6300000256.0,0,0.0,0.0
2013-02-04,6174000128.0,6615000064.0,6111000064.0,6615000064.0,0,0.0,0.0
2013-02-06,5984999936.0,6300000256.0,5984999936.0,6237000192.0,0,0.0,0.0
2013-02-07,5984999936.0,6300000256.0,5858999808.0,5921999872.0,0,0.0,0.0
2013-02-08,6362999808.0,6866999808.0,5921999872.0,6362999808.0,0,0.0,0.0
2013-02-11,6425999872.0,6803999744.0,6300000256.0,6362999808.0,0,0.0,0.0
2013-02-12,6111000064.0,6615000064.0,6111000064.0,6615000064.0,0,0.0,0.0
2013-02-14,6362999808.0,6362999808.0,6111000064.0,6237000192.0,0,0.0,0.0
2013-02-15,6174000128.0,6174000128.0,6048000000.0,6048000000.0,0,0.0,0.0
2013-02-19,6111000064.0,6111000064.0,6111000064.0,6111000064.0,0,0.0,0.0
2013-02-20,6111000064.0,6111000064.0,6048000000.0,6048000000.0,0,0.0,0.0
2013-02-21,6048000000.0,6300000256.0,6048000000.0,6300000256.0,0,0.0,0.0
2013-02-22,5984999936.0,6111000064.0,5984999936.0,6111000064.0,0,0.0,0.0
2013-02-25,6048000000.0,6048000000.0,5858999808.0,5984999936.0,0,0.0,0.0
2013-02-26,6237000192.0,6300000256.0,5921999872.0,5921999872.0,0,0.0,0.0
2013-02-27,5921999872.0,5921999872.0,5733000192.0,5733000192.0,0,0.0,0.0
2013-02-28,5858999808.0,6237000192.0,5733000192.0,5733000192.0,0,0.0,0.0
2013-03-01,5733000192.0,5733000192.0,5544000000.0,5670000128.0,0,0.0,0.0
2013-03-04,5670000128.0,5670000128.0,5354999808.0,5480999936.0,0,0.0,0.0
2013-03-05,5417999872.0,5607000064.0,5417999872.0,5607000064.0,0,0.0,0.0
2013-03-06,5607000064.0,5921999872.0,4913999872.0,4913999872.0,0,0.0,0.0
2013-03-07,4913999872.0,5354999808.0,4409999872.0,5229000192.0,0,0.0,0.0
2013-03-08,5607000064.0,5607000064.0,4725000192.0,4787999744.0,0,0.0,0.0
2013-03-11,4662000128.0,4662000128.0,4662000128.0,4662000128.0,0,0.0,0.0
2013-03-12,4662000128.0,4976999936.0,4662000128.0,4725000192.0,0,0.0,0.0
2013-03-13,4662000128.0,4976999936.0,4662000128.0,4976999936.0,0,0.0,0.0
2013-03-14,5292000256.0,5480999936.0,4787999744.0,5480999936.0,0,0.0,0.0
2013-03-15,5480999936.0,5795999744.0,5480999936.0,5795999744.0,0,0.0,0.0
2013-03-18,5670000128.0,6300000256.0,5670000128.0,5984999936.0,0,0.0,0.0
2013-03-19,5795999744.0,6300000256.0,5795999744.0,6300000256.0,0,0.0,0.0
2013-03-20,6300000256.0,6803999744.0,6300000256.0,6362999808.0,0,0.0,0.0
2013-03-21,6678000128.0,6866999808.0,6300000256.0,6300000256.0,0,0.0,0.0
2013-03-22,6552000000.0,9765000192.0,6552000000.0,8441999872.0,0,0.0,0.0
2013-03-25,8945999872.0,8945999872.0,6992999936.0,7245000192.0,0,0.0,0.0
2013-03-26,7056000000.0,7874999808.0,7056000000.0,7496999936.0,0,0.0,0.0
2013-03-27,7496999936.0,8253000192.0,7245000192.0,7686000128.0,0,0.0,0.0
2013-03-28,8378999808.0,8504999936.0,7874999808.0,8441999872.0,0,0.0,0.0
2013-04-01,8568000000.0,8693999616.0,7308000256.0,7874999808.0,0,0.0,0.0
2013-04-02,7874999808.0,8190000128.0,7433999872.0,7874999808.0,0,0.0,0.0
2013-04-03,8253000192.0,8253000192.0,7433999872.0,7686000128.0,0,0.0,0.0
2013-04-04,7496999936.0,7560000000.0,7433999872.0,7496999936.0,0,0.0,0.0
2013-04-05,7496999936.0,8316000256.0,7308000256.0,8253000192.0,0,0.0,0.0
2013-04-08,8316000256.0,8568000000.0,8190000128.0,8568000000.0,0,0.0,0.0
2013-04-09,8819999744.0,8819999744.0,7811999744.0,8757000192.0,0,0.0,0.0
2013-04-10,7811999744.0,9198000128.0,7811999744.0,9134999552.0,0,0.0,0.0
2013-04-11,9134999552.0,9386999808.0,8504999936.0,9198000128.0,0,0.0,0.0
2013-04-12,9450000384.0,9891000320.0,9450000384.0,9891000320.0,0,0.0,0.0
2013-04-15,9639000064.0,9891000320.0,9072000000.0,9765000192.0,0,0.0,0.0
2013-04-16,9765000192.0,10647000064.0,9072000000.0,10520999936.0,0,0.0,0.0
2013-04-17,10080000000.0,10961999872.0,9765000192.0,9765000192.0,0,0.0,0.0
2013-04-18,9512999936.0,9953999872.0,9198000128.0,9450000384.0,0,0.0,0.0
2013-04-19,9450000384.0,9450000384.0,8693999616.0,9450000384.0,0,0.0,0.0
2013-04-22,9386999808.0,9765000192.0,8819999744.0,9765000192.0,0,0.0,0.0
2013-04-23,10017000448.0,10206000128.0,9134999552.0,9324000256.0,0,0.0,0.0
2013-04-24,9701999616.0,9701999616.0,9450000384.0,9639000064.0,0,0.0,0.0
2013-04-25,9512999936.0,9639000064.0,8945999872.0,9072000000.0,0,0.0,0.0
2013-04-26,9198000128.0,9953999872.0,9009000448.0,9765000192.0,0,0.0,0.0
2013-04-29,10142999552.0,10394999808.0,9072000000.0,9765000192.0,0,0.0,0.0
2013-04-30,9134999552.0,10080000000.0,9134999552.0,10017000448.0,0,0.0,0.0
2013-05-01,9827999744.0,9827999744.0,9198000128.0,9386999808.0,0,0.0,0.0
2013-05-02,9198000128.0,9198000128.0,9134999552.0,9134999552.0,0,0.0,0.0
2013-05-03,9198000128.0,9198000128.0,8504999936.0,9134999552.0,0,0.0,0.0
2013-05-06,8568000000.0,9512999936.0,8568000000.0,9512999936.0,0,0.0,0.0
2013-05-07,9701999616.0,9765000192.0,8819999744.0,8819999744.0,0,0.0,0.0
2013-05-08,9134999552.0,9701999616.0,9134999552.0,9701999616.0,0,0.0,0.0
2013-05-09,9701999616.0,10899000320.0,9512999936.0,9953999872.0,0,0.0,0.0
2013-05-10,9701999616.0,9701999616.0,9639000064.0,9639000064.0,0,0.0,0.0
2013-05-13,9639000064.0,9765000192.0,9639000064.0,9765000192.0,0,0.0,0.0
2013-05-14,9639000064.0,9639000064.0,9639000064.0,9639000064.0,0,0.0,0.0
2013-05-15,9639000064.0,9765000192.0,9512999936.0,9512999936.0,0,0.0,0.0
2013-05-16,9827999744.0,10394999808.0,8945999872.0,10017000448.0,0,0.0,0.0
2013-05-17,9765000192.0,9827999744.0,9198000128.0,9198000128.0,0,0.0,0.0
2013-05-20,9134999552.0,9512999936.0,8883000320.0,9009000448.0,0,0.0,0.0
2013-05-21,9260999680.0,9765000192.0,8945999872.0,9765000192.0,0,0.0,0.0
2013-05-22,9198000128.0,9450000384.0,8757000192.0,8883000320.0,0,0.0,0.0
2013-05-23,8757000192.0,10206000128.0,8757000192.0,9953999872.0,0,0.0,0.0
2013-05-24,9953999872.0,9953999872.0,9827999744.0,9827999744.0,0,0.0,0.0
2013-05-28,9765000192.0,9765000192.0,9134999552.0,9639000064.0,0,0.0,0.0
2013-05-29,9134999552.0,9639000064.0,9134999552.0,9260999680.0,0,0.0,0.0
2013-05-30,8883000320.0,9450000384.0,8883000320.0,9009000448.0,0,0.0,0.0
2013-05-31,9009000448.0,9009000448.0,9009000448.0,9009000448.0,0,0.0,0.0
2013-06-03,9072000000.0,9512999936.0,8819999744.0,9450000384.0,0,0.0,0.0
2013-06-04,9450000384.0,9450000384.0,9450000384.0,9450000384.0,0,0.0,0.0
2013-06-05,8945999872.0,9260999680.0,8945999872.0,9260999680.0,0,0.0,0.0
2013-06-06,9009000448.0,9386999808.0,8945999872.0,8945999872.0,0,0.0,0.0
2013-06-07,9009000448.0,9009000448.0,8945999872.0,8945999872.0,0,0.0,0.0
2013-06-10,8819999744.0,9134999552.0,8819999744.0,9134999552.0,0,0.0,0.0
2013-06-11,9134999552.0,9134999552.0,9134999552.0,9134999552.0,0,0.0,0.0
2013-06-12,8819999744.0,9701999616.0,8819999744.0,9450000384.0,0,0.0,0.0
2013-06-14,8945999872.0,8945999872.0,8945999872.0,8945999872.0,0,0.0,0.0
2013-06-17,8819999744.0,9765000192.0,8819999744.0,9765000192.0,0,0.0,0.0
2013-06-18,9009000448.0,9765000192.0,9009000448.0,9324000256.0,0,0.0,0.0
2013-06-19,9324000256.0,9324000256.0,9324000256.0,9324000256.0,0,0.0,0.0
2013-06-20,8819999744.0,9324000256.0,8819999744.0,9134999552.0,0,0.0,0.0
2013-06-21,9072000000.0,9260999680.0,8883000320.0,9260999680.0,0,0.0,0.0
2013-06-24,8883000320.0,9260999680.0,8883000320.0,9260999680.0,0,0.0,0.0
2013-06-25,9009000448.0,9827999744.0,8883000320.0,9134999552.0,0,0.0,0.0
2013-06-28,9450000384.0,9701999616.0,9450000384.0,9639000064.0,0,0.0,0.0
2013-07-01,9512999936.0,10332000256.0,8883000320.0,9134999552.0,0,0.0,0.0
2013-07-02,9260999680.0,9765000192.0,8945999872.0,9009000448.0,0,0.0,0.0
2013-07-03,9072000000.0,9072000000.0,9072000000.0,9072000000.0,0,0.0,0.0
2013-07-05,9260999680.0,9260999680.0,8883000320.0,8945999872.0,0,0.0,0.0
2013-07-09,8945999872.0,8945999872.0,8253000192.0,8819999744.0,0,0.0,0.0
2013-07-10,8819999744.0,9386999808.0,8819999744.0,9386999808.0,0,0.0,0.0
2013-07-11,9827999744.0,9827999744.0,9765000192.0,9765000192.0,0,0.0,0.0
2013-07-16,9324000256.0,9324000256.0,8883000320.0,8945999872.0,0,0.0,0.0
2013-07-18,9827999744.0,9827999744.0,9765000192.0,9827999744.0,0,0.0,0.0
2013-07-19,9827999744.0,10080000000.0,9827999744.0,10080000000.0,0,0.0,0.0
2013-07-22,10080000000.0,10206000128.0,10080000000.0,10142999552.0,0,0.0,0.0
2013-07-23,9450000384.0,11025000448.0,9450000384.0,10458000384.0,0,0.0,0.0
2013-07-24,10647000064.0,17639999488.0,10647000064.0,13230000128.0,0,0.0,0.0
2013-07-25,12851999744.0,13859999744.0,11843999744.0,13230000128.0,0,0.0,0.0
2013-07-26,13482000384.0,15434999808.0,12915000320.0,14174999552.0,0,0.0,0.0
2013-07-29,14426999808.0,15246000128.0,13544999936.0,15120000000.0,0,0.0,0.0
2013-07-30,14867999744.0,15120000000.0,11088000000.0,12725999616.0,0,0.0,0.0
2013-07-31,12158999552.0,12851999744.0,10458000384.0,12600000512.0,0,0.0,0.0
2013-08-01,12410999808.0,12915000320.0,12410999808.0,12600000512.0,0,0.0,0.0
2013-08-02,11528999936.0,13923000320.0,11528999936.0,12851999744.0,0,0.0,0.0
2013-08-05,13544999936.0,13859999744.0,12977999872.0,12977999872.0,0,0.0,0.0
2013-08-06,12663000064.0,12977999872.0,12663000064.0,12789000192.0,0,0.0,0.0
2013-08-07,12663000064.0,12663000064.0,11969999872.0,12033000448.0,0,0.0,0.0
2013-08-08,12915000320.0,12977999872.0,12600000512.0,12725999616.0,0,0.0,0.0
2013-08-09,12600000512.0,13041000448.0,12600000512.0,13041000448.0,0,0.0,0.0
2013-08-12,12663000064.0,14112000000.0,12033000448.0,12977999872.0,0,0.0,0.0
2013-08-13,12725999616.0,14112000000.0,12474000384.0,13230000128.0,0,0.0,0.0
2013-08-14,13859999744.0,14174999552.0,12663000064.0,13230000128.0,0,0.0,0.0
2013-08-15,13356000256.0,14174999552.0,13292999680.0,13356000256.0,0,0.0,0.0
2013-08-16,13859999744.0,15120000000.0,13230000128.0,14741999616.0,0,0.0,0.0
2013-08-19,13356000256.0,13482000384.0,12600000512.0,12600000512.0,0,0.0,0.0
2013-08-20,13230000128.0,13356000256.0,12536999936.0,13356000256.0,0,0.0,0.0
2013-08-21,13356000256.0,13482000384.0,12789000192.0,13041000448.0,0,0.0,0.0
2013-08-22,13041000448.0,13859999744.0,12851999744.0,12977999872.0,0,0.0,0.0
2013-08-23,13482000384.0,14741999616.0,13482000384.0,14741999616.0,0,0.0,0.0
2013-08-26,14805000192.0,14805000192.0,13356000256.0,13418999808.0,0,0.0,0.0
2013-08-27,13104000000.0,14679000064.0,12915000320.0,13356000256.0,0,0.0,0.0
2013-08-28,14364000256.0,14552999936.0,13230000128.0,13544999936.0,0,0.0,0.0
2013-08-29,14490000384.0,14490000384.0,13292999680.0,13859999744.0,0,0.0,0.0
2013-08-30,13544999936.0,13544999936.0,13544999936.0,13544999936.0,0,0.0,0.0
2013-09-03,13607999488.0,13607999488.0,13544999936.0,13544999936.0,0,0.0,0.0
2013-09-04,13671000064.0,13671000064.0,13356000256.0,13356000256.0,0,0.0,0.0
2013-09-05,13859999744.0,14426999808.0,13733999616.0,13733999616.0,0,0.0,0.0
2013-09-06,15120000000.0,18459000832.0,11340000256.0,11969999872.0,0,0.0,0.0
2013-09-09,12096000000.0,13104000000.0,11969999872.0,12663000064.0,0,0.0,0.0
2013-09-10,12663000064.0,12663000064.0,11402999808.0,11969999872.0,0,0.0,0.0
2013-09-11,11466000384.0,12410999808.0,10268999680.0,12033000448.0,0,0.0,0.0
2013-09-12,12284999680.0,12284999680.0,12033000448.0,12222000128.0,0,0.0,0.0
2013-09-13,12222000128.0,12222000128.0,11466000384.0,11655000064.0,0,0.0,0.0
2013-09-16,11907000320.0,11907000320.0,11466000384.0,11466000384.0,0,0.0,0.0
2013-09-17,11466000384.0,12536999936.0,11466000384.0,11717999616.0,0,0.0,0.0
2013-09-18,12222000128.0,12410999808.0,11655000064.0,11655000064.0,0,0.0,0.0
2013-09-19,12096000000.0,13230000128.0,12033000448.0,12536999936.0,0,0.0,0.0
2013-09-20,12789000192.0,12789000192.0,11591999488.0,11969999872.0,0,0.0,0.0
2013-09-23,12158999552.0,13230000128.0,11528999936.0,11717999616.0,0,0.0,0.0
2013-09-24,12600000512.0,12600000512.0,11781000192.0,11781000192.0,0,0.0,0.0
2013-09-25,11528999936.0,11781000192.0,11528999936.0,11717999616.0,0,0.0,0.0
2013-09-26,11528999936.0,12410999808.0,11528999936.0,11843999744.0,0,0.0,0.0
2013-09-27,12410999808.0,12410999808.0,11717999616.0,11717999616.0,0,0.0,0.0
2013-09-30,11843999744.0,11843999744.0,11466000384.0,11528999936.0,0,0.0,0.0
2013-10-01,11717999616.0,12536999936.0,11466000384.0,11466000384.0,0,0.0,0.0
2013-10-02,11466000384.0,12158999552.0,11466000384.0,12158999552.0,0,0.0,0.0
2013-10-03,12033000448.0,12033000448.0,11340000256.0,11466000384.0,0,0.0,0.0
2013-10-04,11340000256.0,11781000192.0,11340000256.0,11402999808.0,0,0.0,0.0
2013-10-07,12096000000.0,12096000000.0,11214000128.0,11214000128.0,0,0.0,0.0
2013-10-08,11340000256.0,11969999872.0,11150999552.0,11214000128.0,0,0.0,0.0
2013-10-09,11150999552.0,11150999552.0,10647000064.0,10709999616.0,0,0.0,0.0
2013-10-10,10584000512.0,11025000448.0,10584000512.0,10647000064.0,0,0.0,0.0
2013-10-11,10458000384.0,10458000384.0,9765000192.0,10142999552.0,0,0.0,0.0
2013-10-14,10520999936.0,10709999616.0,9512999936.0,10647000064.0,0,0.0,0.0
2013-10-15,10647000064.0,10647000064.0,10647000064.0,10647000064.0,0,0.0,0.0
2013-10-16,10206000128.0,10520999936.0,10206000128.0,10520999936.0,0,0.0,0.0
2013-10-17,10142999552.0,10458000384.0,10142999552.0,10394999808.0,0,0.0,0.0
2013-10-18,10206000128.0,10268999680.0,10142999552.0,10268999680.0,0,0.0,0.0
2013-10-22,10080000000.0,10332000256.0,10080000000.0,10332000256.0,0,0.0,0.0
2013-10-24,10332000256.0,10332000256.0,10332000256.0,10332000256.0,0,0.0,0.0
2013-10-25,10080000000.0,10520999936.0,9512999936.0,9575999488.0,0,0.0,0.0
2013-10-28,9639000064.0,9953999872.0,8883000320.0,9009000448.0,0,0.0,0.0
2013-10-29,9386999808.0,9512999936.0,9072000000.0,9386999808.0,0,0.0,0.0
2013-10-31,9072000000.0,9324000256.0,9072000000.0,9324000256.0,0,0.0,0.0
2013-11-04,9198000128.0,10394999808.0,9198000128.0,9765000192.0,0,0.0,0.0
2013-11-05,11025000448.0,11969999872.0,9953999872.0,10394999808.0,0,0.0,0.0
2013-11-06,9953999872.0,11969999872.0,9639000064.0,10773000192.0,0,0.0,0.0
2013-11-07,11528999936.0,11528999936.0,11025000448.0,11025000448.0,0,0.0,0.0
2013-11-08,11340000256.0,11907000320.0,10394999808.0,10709999616.0,0,0.0,0.0
2013-11-11,11088000000.0,11843999744.0,10709999616.0,10709999616.0,0,0.0,0.0
2013-11-12,10458000384.0,10458000384.0,10394999808.0,10394999808.0,0,0.0,0.0
2013-11-13,10520999936.0,10709999616.0,10394999808.0,10709999616.0,0,0.0,0.0
2013-11-19,10332000256.0,10332000256.0,9953999872.0,10268999680.0,0,0.0,0.0
2013-11-20,10142999552.0,10142999552.0,8378999808.0,9260999680.0,0,0.0,0.0
2013-11-21,9386999808.0,9450000384.0,9134999552.0,9134999552.0,0,0.0,0.0
2013-11-22,9134999552.0,9386999808.0,8378999808.0,8757000192.0,0,0.0,0.0
2013-11-25,8316000256.0,9512999936.0,8190000128.0,8757000192.0,0,0.0,0.0
2013-11-26,9072000000.0,9512999936.0,9072000000.0,9324000256.0,0,0.0,0.0
2013-11-27,9450000384.0,10773000192.0,9450000384.0,10080000000.0,0,0.0,0.0
2013-11-29,11214000128.0,11214000128.0,10709999616.0,11150999552.0,0,0.0,0.0
2013-12-02,11150999552.0,11150999552.0,10709999616.0,10709999616.0,0,0.0,0.0
2013-12-03,10080000000.0,11214000128.0,10080000000.0,11214000128.0,0,0.0,0.0
2013-12-04,9953999872.0,9953999872.0,9260999680.0,9512999936.0,0,0.0,0.0
2013-12-05,9827999744.0,10142999552.0,9575999488.0,9953999872.0,0,0.0,0.0
2013-12-06,9827999744.0,10206000128.0,9827999744.0,9953999872.0,0,0.0,0.0
2013-12-09,9827999744.0,11150999552.0,9827999744.0,9891000320.0,0,0.0,0.0
2013-12-10,9765000192.0,9891000320.0,9765000192.0,9765000192.0,0,0.0,0.0
2013-12-11,9765000192.0,9827999744.0,9765000192.0,9827999744.0,0,0.0,0.0
2013-12-12,9575999488.0,10332000256.0,9512999936.0,10080000000.0,0,0.0,0.0
2013-12-13,10332000256.0,10961999872.0,10206000128.0,10206000128.0,0,0.0,0.0
2013-12-16,10142999552.0,10709999616.0,10142999552.0,10709999616.0,0,0.0,0.0
2013-12-17,10835999744.0,10835999744.0,9765000192.0,10017000448.0,0,0.0,0.0
2013-12-18,9827999744.0,11025000448.0,9827999744.0,10080000000.0,0,0.0,0.0
2013-12-19,10835999744.0,11466000384.0,10080000000.0,11025000448.0,0,0.0,0.0
2013-12-20,11340000256.0,11340000256.0,10709999616.0,10961999872.0,0,0.0,0.0
2013-12-23,11276999680.0,11466000384.0,11214000128.0,11466000384.0,0,0.0,0.0
2013-12-24,11528999936.0,11781000192.0,11528999936.0,11655000064.0,0,0.0,0.0
2013-12-26,11843999744.0,13230000128.0,11843999744.0,12033000448.0,0,0.0,0.0
2013-12-27,12789000192.0,13230000128.0,12222000128.0,12536999936.0,0,0.0,0.0
2013-12-30,12158999552.0,12284999680.0,11969999872.0,12222000128.0,0,0.0,0.0
2013-12-31,11969999872.0,12033000448.0,11088000000.0,11340000256.0,0,0.0,0.0
2014-01-02,11150999552.0,11150999552.0,10080000000.0,10332000256.0,0,0.0,0.0
2014-01-03,10268999680.0,10899000320.0,10268999680.0,10773000192.0,0,0.0,0.0
2014-01-06,10835999744.0,10835999744.0,10394999808.0,10584000512.0,0,0.0,0.0
2014-01-07,10647000064.0,11466000384.0,10647000064.0,10773000192.0,0,0.0,0.0
2014-01-08,10458000384.0,11025000448.0,10332000256.0,10709999616.0,0,0.0,0.0
2014-01-09,10709999616.0,10773000192.0,10268999680.0,10709999616.0,0,0.0,0.0
2014-01-13,11466000384.0,11466000384.0,10332000256.0,10332000256.0,0,0.0,0.0
2014-01-14,10394999808.0,10899000320.0,10268999680.0,10899000320.0,0,0.0,0.0
2014-01-15,11025000448.0,11528999936.0,10709999616.0,10709999616.0,0,0.0,0.0
2014-01-16,10709999616.0,11025000448.0,10647000064.0,11025000448.0,0,0.0,0.0
2014-01-17,11276999680.0,12600000512.0,11025000448.0,11025000448.0,0,0.0,0.0
2014-01-21,13230000128.0,13292999680.0,11088000000.0,11781000192.0,0,0.0,0.0
2014-01-22,12222000128.0,12725999616.0,11150999552.0,12536999936.0,0,0.0,0.0
2014-01-23,11340000256.0,12600000512.0,11340000256.0,12033000448.0,0,0.0,0.0
2014-01-24,11528999936.0,11907000320.0,11528999936.0,11907000320.0,0,0.0,0.0
2014-01-27,11907000320.0,12600000512.0,11466000384.0,11591999488.0,0,0.0,0.0
2014-01-28,11466000384.0,11466000384.0,11466000384.0,11466000384.0,0,0.0,0.0
2014-01-29,11528999936.0,11528999936.0,10584000512.0,10961999872.0,0,0.0,0.0
2014-01-30,11025000448.0,11025000448.0,10520999936.0,10709999616.0,0,0.0,0.0
2014-01-31,10520999936.0,10961999872.0,10520999936.0,10899000320.0,0,0.0,0.0
2014-02-03,10961999872.0,10961999872.0,10647000064.0,10647000064.0,0,0.0,0.0
2014-02-04,10520999936.0,10647000064.0,10080000000.0,10394999808.0,0,0.0,0.0
2014-02-05,10142999552.0,10835999744.0,9639000064.0,10647000064.0,0,0.0,0.0
2014-02-06,10520999936.0,10520999936.0,9450000384.0,10458000384.0,0,0.0,0.0
2014-02-07,9953999872.0,10709999616.0,9765000192.0,10394999808.0,0,0.0,0.0
2014-02-10,10080000000.0,10394999808.0,9765000192.0,10394999808.0,0,0.0,0.0
2014-02-11,9891000320.0,9891000320.0,9891000320.0,9891000320.0,0,0.0,0.0
2014-02-12,9450000384.0,10332000256.0,9450000384.0,10080000000.0,0,0.0,0.0
2014-02-18,9512999936.0,9701999616.0,7623000064.0,8504999936.0,0,0.0,0.0
2014-02-19,8253000192.0,9512999936.0,8253000192.0,9009000448.0,0,0.0,0.0
2014-02-20,9386999808.0,9386999808.0,8693999616.0,8819999744.0,0,0.0,0.0
2014-02-21,8819999744.0,8819999744.0,8504999936.0,8504999936.0,0,0.0,0.0
2014-02-24,8504999936.0,8504999936.0,8253000192.0,8378999808.0,0,0.0,0.0
2014-02-25,8190000128.0,8693999616.0,8190000128.0,8253000192.0,0,0.0,0.0
2014-02-26,8378999808.0,8693999616.0,8378999808.0,8568000000.0,0,0.0,0.0
2014-02-27,8757000192.0,8757000192.0,8127000064.0,8504999936.0,0,0.0,0.0
2014-02-28,8504999936.0,9701999616.0,8064000000.0,8631000064.0,0,0.0,0.0
2014-03-03,8568000000.0,8819999744.0,8378999808.0,8693999616.0,0,0.0,0.0
2014-03-04,8945999872.0,9009000448.0,8504999936.0,9009000448.0,0,0.0,0.0
2014-03-05,9134999552.0,9198000128.0,8693999616.0,8883000320.0,0,0.0,0.0
2014-03-06,9134999552.0,9134999552.0,8819999744.0,8819999744.0,0,0.0,0.0
2014-03-07,8441999872.0,9450000384.0,8441999872.0,9386999808.0,0,0.0,0.0
2014-03-10,9450000384.0,9450000384.0,8819999744.0,8819999744.0,0,0.0,0.0
2014-03-11,8568000000.0,9953999872.0,8568000000.0,9386999808.0,0,0.0,0.0
2014-03-12,9072000000.0,9639000064.0,8441999872.0,9386999808.0,0,0.0,0.0
2014-03-13,8945999872.0,9575999488.0,8819999744.0,8819999744.0,0,0.0,0.0
2014-03-14,9134999552.0,9450000384.0,9072000000.0,9450000384.0,0,0.0,0.0
2014-03-17,9134999552.0,9575999488.0,9009000448.0,9009000448.0,0,0.0,0.0
2014-03-18,9198000128.0,9450000384.0,9198000128.0,9450000384.0,0,0.0,0.0
2014-03-19,9639000064.0,9639000064.0,9260999680.0,9386999808.0,0,0.0,0.0
2014-03-20,9198000128.0,9260999680.0,9198000128.0,9260999680.0,0,0.0,0.0
2014-03-21,9512999936.0,9512999936.0,8819999744.0,9134999552.0,0,0.0,0.0
2014-03-24,9575999488.0,9575999488.0,8883000320.0,8883000320.0,0,0.0,0.0
2014-03-25,8883000320.0,9134999552.0,8883000320.0,9134999552.0,0,0.0,0.0
2014-03-26,9134999552.0,9134999552.0,9072000000.0,9134999552.0,0,0.0,0.0
2014-03-27,9134999552.0,9134999552.0,8883000320.0,8883000320.0,0,0.0,0.0
2014-03-28,8945999872.0,9260999680.0,8883000320.0,9260999680.0,0,0.0,0.0
2014-03-31,9009000448.0,9134999552.0,8945999872.0,9009000448.0,0,0.0,0.0
2014-04-01,9072000000.0,9072000000.0,8631000064.0,8693999616.0,0,0.0,0.0
2014-04-02,8819999744.0,9198000128.0,8378999808.0,8757000192.0,0,0.0,0.0
2014-04-04,9260999680.0,9260999680.0,8316000256.0,8945999872.0,0,0.0,0.0
2014-04-07,9450000384.0,9765000192.0,8631000064.0,8757000192.0,0,0.0,0.0
2014-04-08,9198000128.0,9512999936.0,8441999872.0,9134999552.0,0,0.0,0.0
2014-04-09,9324000256.0,9512999936.0,9009000448.0,9134999552.0,0,0.0,0.0
2014-04-10,8883000320.0,8883000320.0,8757000192.0,8757000192.0,0,0.0,0.0
2014-04-11,8819999744.0,9134999552.0,8819999744.0,8819999744.0,0,0.0,0.0
2014-04-14,9009000448.0,9324000256.0,8693999616.0,8819999744.0,0,0.0,0.0
2014-04-15,9134999552.0,9134999552.0,8504999936.0,8631000064.0,0,0.0,0.0
2014-04-16,9072000000.0,9450000384.0,7874999808.0,8064000000.0,0,0.0,0.0
2014-04-17,8190000128.0,8190000128.0,7874999808.0,7874999808.0,0,0.0,0.0
2014-04-21,7811999744.0,7811999744.0,6300000256.0,6857999872.0,0,0.0,0.14285714285714285
2014-04-22,6975000064.0,7542000128.0,6534000128.0,6848999936.0,0,0.0,0.0
2014-04-23,6885000192.0,6885000192.0,6318000128.0,6425999872.0,0,0.0,0.0
2014-04-24,6704999936.0,6713999872.0,6344999936.0,6615000064.0,0,0.0,0.0
2014-04-25,6624000000.0,6624000000.0,6290999808.0,6290999808.0,0,0.0,0.0
2014-04-28,6381000192.0,6399000064.0,6165000192.0,6381000192.0,0,0.0,0.0
2014-04-29,6381000192.0,6381000192.0,6030000128.0,6336000000.0,0,0.0,0.0
2014-04-30,6120000000.0,6120000000.0,5904000000.0,5912999936.0,0,0.0,0.0
2014-05-01,6056999936.0,6056999936.0,5724000256.0,5733000192.0,0,0.0,0.0
2014-05-02,5714999808.0,5714999808.0,5310000128.0,5454000128.0,0,0.0,0.0
2014-05-05,5129999872.0,5256000000.0,5129999872.0,5256000000.0,0,0.0,0.0
2014-05-06,5192999936.0,5192999936.0,4896000000.0,4985999872.0,0,0.0,0.0
2014-05-07,4832999936.0,4887000064.0,4832999936.0,4850999808.0,0,0.0,0.0
2014-05-08,4716000256.0,4716000256.0,4527000064.0,4590000128.0,0,0.0,0.0
2014-05-09,4562999808.0,4680000000.0,4562999808.0,4680000000.0,0,0.0,0.0
2014-05-12,4725000192.0,4913999872.0,4716000256.0,4887000064.0,0,0.0,0.0
2014-05-13,4860000256.0,5031000064.0,4860000256.0,5031000064.0,0,0.0,0.0
2014-05-14,5040000000.0,5040000000.0,4688999936.0,4806000128.0,0,0.0,0.0
2014-05-15,4896000000.0,4896000000.0,4230000128.0,4230000128.0,0,0.0,0.0
2014-05-16,4220999936.0,4220999936.0,4059000064.0,4059000064.0,0,0.0,0.0
2014-05-19,4220999936.0,4230000128.0,4176000000.0,4176000000.0,0,0.0,0.0
2014-05-20,4086000128.0,4176000000.0,4049999872.0,4176000000.0,0,0.0,0.0
2014-05-21,4049999872.0,4203000064.0,4049999872.0,4203000064.0,0,0.0,0.0
2014-05-22,4068000000.0,4068000000.0,3608999936.0,3617999872.0,0,0.0,0.0
2014-05-23,3716999936.0,3860999936.0,3716999936.0,3860999936.0,0,0.0,0.0
2014-05-27,3788999936.0,3788999936.0,3510000128.0,3600000000.0,0,0.0,0.0
2014-05-28,3843000064.0,3888000000.0,3744000000.0,3870000128.0,0,0.0,0.0
2014-05-29,3843000064.0,3924000000.0,3464999936.0,3528000000.0,0,0.0,0.0
2014-05-30,3464999936.0,3464999936.0,3257999872.0,3257999872.0,0,0.0,0.0
2014-06-02,3392999936.0,3689999872.0,2780999936.0,2924999936.0,0,0.0,0.0
2014-06-03,2700000000.0,2862000128.0,2520000000.0,2718000128.0,0,0.0,0.0
2014-06-04,2672999936.0,3267000064.0,2564999936.0,2844000000.0,0,0.0,0.0
2014-06-05,2799000064.0,2816999936.0,2600999936.0,2609999872.0,0,0.0,0.0
2014-06-06,1700999936.0,1719000064.0,1620000000.0,1664999936.0,0,0.0,0.0
2014-06-09,1692000000.0,1692000000.0,1656000000.0,1664999936.0,0,0.0,0.0
2014-06-10,1683000064.0,1782000000.0,1620000000.0,1674000000.0,0,0.0,0.0
2014-06-11,1728000000.0,1746000000.0,1664999936.0,1664999936.0,0,0.0,0.0
2014-06-12,1664999936.0,1700999936.0,1628999936.0,1628999936.0,0,0.0,0.0
2014-06-13,1683000064.0,1988999936.0,1620000000.0,1971000064.0,0,0.0,0.0
2014-06-16,1980000000.0,2070000000.0,1844999936.0,1899000064.0,0,0.0,0.0
2014-06-17,1890000000.0,2016000000.0,1890000000.0,1980000000.0,0,0.0,0.0
2014-06-18,2070000000.0,2070000000.0,1890000000.0,1908000000.0,0,0.0,0.0
2014-06-19,1800000000.0,1971000064.0,1800000000.0,1890000000.0,0,0.0,0.0
2014-06-20,1935000064.0,1980000000.0,1872000000.0,1962000000.0,0,0.0,0.0
2014-06-23,1988999936.0,2024999936.0,1908000000.0,1944000000.0,0,0.0,0.0
2014-06-24,1952999936.0,2096999936.0,1890000000.0,2007000064.0,0,0.0,0.0
2014-06-25,2070000000.0,2096999936.0,1952999936.0,2016000000.0,0,0.0,0.0
2014-06-26,2024999936.0,2060999936.0,1988999936.0,1998000000.0,0,0.0,0.0
2014-06-27,1935000064.0,2024999936.0,1935000064.0,1952999936.0,0,0.0,0.0
2014-06-30,2007000064.0,2007000064.0,1935000064.0,1962000000.0,0,0.0,0.0
2014-07-01,1944000000.0,1988999936.0,1890000000.0,1935000064.0,0,0.0,0.0
2014-07-02,1980000000.0,2024999936.0,1854000000.0,1980000000.0,0,0.0,0.0
2014-07-03,1944000000.0,1980000000.0,1935000064.0,1952999936.0,0,0.0,0.0
2014-07-07,1935000064.0,1952999936.0,1935000064.0,1935000064.0,0,0.0,0.0
2014-07-08,1944000000.0,1952999936.0,1872000000.0,1890000000.0,0,0.0,0.0
2014-07-09,1863000064.0,1935000064.0,1863000064.0,1916999936.0,0,0.0,0.0
2014-07-10,1899000064.0,1944000000.0,1844999936.0,1890000000.0,0,0.0,0.0
2014-07-11,1890000000.0,1926000000.0,1872000000.0,1872000000.0,0,0.0,0.0
2014-07-14,1872000000.0,1872000000.0,1755000064.0,1808999936.0,0,0.0,0.0
2014-07-15,1710000000.0,1746000000.0,1602000000.0,1638000000.0,0,0.0,0.0
2014-07-16,1638000000.0,1736999936.0,1620000000.0,1664999936.0,0,0.0,0.0
2014-07-17,1719000064.0,1719000064.0,1647000064.0,1674000000.0,0,0.0,0.0
2014-07-18,1719000064.0,1719000064.0,1656000000.0,1674000000.0,0,0.0,0.0
2014-07-21,1664999936.0,1683000064.0,1647000064.0,1647000064.0,0,0.0,0.0
2014-07-22,1692000000.0,1692000000.0,1647000064.0,1664999936.0,0,0.0,0.0
2014-07-23,1700999936.0,1700999936.0,1620000000.0,1628999936.0,0,0.0,0.0
2014-07-24,1620000000.0,1647000064.0,1575000064.0,1592999936.0,0,0.0,0.0
2014-07-25,1575000064.0,1647000064.0,1575000064.0,1584000000.0,0,0.0,0.0
2014-07-28,1575000064.0,1602000000.0,1575000064.0,1592999936.0,0,0.0,0.0
2014-07-29,1710000000.0,1971000064.0,1674000000.0,1800000000.0,0,0.0,0.0
2014-07-30,1710000000.0,1808999936.0,1656000000.0,1736999936.0,0,0.0,0.0
2014-07-31,1710000000.0,1836000000.0,1710000000.0,1818000000.0,0,0.0,0.0
2014-08-01,1772999936.0,1836000000.0,1755000064.0,1808999936.0,0,0.0,0.0
2014-08-04,1755000064.0,1899000064.0,1755000064.0,1800000000.0,0,0.0,0.0
2014-08-05,1782000000.0,1854000000.0,1710000000.0,1808999936.0,0,0.0,0.0
2014-08-06,1836000000.0,1836000000.0,1755000064.0,1782000000.0,0,0.0,0.0
2014-08-07,1764000000.0,1808999936.0,1719000064.0,1736999936.0,0,0.0,0.0
2014-08-08,1719000064.0,1782000000.0,1710000000.0,1736999936.0,0,0.0,0.0
2014-08-11,1782000000.0,1782000000.0,1719000064.0,1728000000.0,0,0.0,0.0
2014-08-12,1719000064.0,1746000000.0,1664999936.0,1710000000.0,0,0.0,0.0
2014-08-13,1746000000.0,1772999936.0,1692000000.0,1719000064.0,0,0.0,0.0
2014-08-14,1719000064.0,1719000064.0,1656000000.0,1683000064.0,0,0.0,0.0
2014-08-15,1674000000.0,1692000000.0,1656000000.0,1692000000.0,0,0.0,0.0
2014-08-18,1719000064.0,1736999936.0,1674000000.0,1710000000.0,0,0.0,0.0
2014-08-19,1700999936.0,1755000064.0,1700999936.0,1728000000.0,0,0.0,0.0
2014-08-20,1700999936.0,1728000000.0,1683000064.0,1683000064.0,0,0.0,0.0
2014-08-21,1710000000.0,1710000000.0,1683000064.0,1700999936.0,0,0.0,0.0
2014-08-22,1863000064.0,2024999936.0,1764000000.0,1836000000.0,0,0.0,0.0
2014-08-25,1863000064.0,1908000000.0,1764000000.0,1844999936.0,0,0.0,0.0
2014-08-26,1863000064.0,1926000000.0,1800000000.0,1908000000.0,0,0.0,0.0
2014-08-27,1926000000.0,1926000000.0,1808999936.0,1844999936.0,0,0.0,0.0
2014-08-28,1863000064.0,1890000000.0,1808999936.0,1827000064.0,0,0.0,0.0
2014-08-29,1854000000.0,1880999936.0,1818000000.0,1854000000.0,0,0.0,0.0
2014-09-02,1863000064.0,1908000000.0,1863000064.0,1880999936.0,0,0.0,0.0
2014-09-03,1890000000.0,1899000064.0,1863000064.0,1872000000.0,0,0.0,0.0
2014-09-04,1908000000.0,1944000000.0,1800000000.0,1818000000.0,0,0.0,0.0
2014-09-05,1827000064.0,1844999936.0,1746000000.0,1827000064.0,0,0.0,0.0
2014-09-08,1808999936.0,1872000000.0,1808999936.0,1836000000.0,0,0.0,0.0
2014-09-09,1872000000.0,1880999936.0,1808999936.0,1808999936.0,0,0.0,0.0
2014-09-10,1854000000.0,1854000000.0,1764000000.0,1800000000.0,0,0.0,0.0
2014-09-11,1764000000.0,1791000064.0,1764000000.0,1782000000.0,0,0.0,0.0
2014-09-12,1808999936.0,1854000000.0,1808999936.0,1827000064.0,0,0.0,0.0
2014-09-15,1836000000.0,1844999936.0,1782000000.0,1782000000.0,0,0.0,0.0
2014-09-16,1755000064.0,1926000000.0,1746000000.0,1827000064.0,0,0.0,0.0
2014-09-17,1836000000.0,1836000000.0,1782000000.0,1791000064.0,0,0.0,0.0
2014-09-18,1791000064.0,1791000064.0,1746000000.0,1746000000.0,0,0.0,0.0
2014-09-19,1736999936.0,1800000000.0,1736999936.0,1764000000.0,0,0.0,0.0
2014-09-22,1755000064.0,1791000064.0,1728000000.0,1755000064.0,0,0.0,0.0
2014-09-23,1736999936.0,1746000000.0,1674000000.0,1700999936.0,0,0.0,0.0
2014-09-24,1674000000.0,1719000064.0,1674000000.0,1700999936.0,0,0.0,0.0
2014-09-25,1683000064.0,1700999936.0,1674000000.0,1674000000.0,0,0.0,0.0
2014-09-26,1692000000.0,1710000000.0,1674000000.0,1683000064.0,0,0.0,0.0
2014-09-29,1683000064.0,1719000064.0,1683000064.0,1700999936.0,0,0.0,0.0
2014-09-30,1700999936.0,1791000064.0,1674000000.0,1791000064.0,0,0.0,0.0
2014-10-01,1736999936.0,1746000000.0,1674000000.0,1692000000.0,0,0.0,0.0
2014-10-02,1710000000.0,1710000000.0,1647000064.0,1656000000.0,0,0.0,0.0
2014-10-03,1647000064.0,1710000000.0,1638000000.0,1700999936.0,0,0.0,0.0
2014-10-06,1728000000.0,1764000000.0,1674000000.0,1692000000.0,0,0.0,0.0
2014-10-07,1692000000.0,1692000000.0,1656000000.0,1656000000.0,0,0.0,0.0
2014-10-08,1628999936.0,1664999936.0,1628999936.0,1638000000.0,0,0.0,0.0
2014-10-09,1628999936.0,1628999936.0,1584000000.0,1584000000.0,0,0.0,0.0
2014-10-10,1575000064.0,1575000064.0,1530000000.0,1539000064.0,0,0.0,0.0
2014-10-13,1539000064.0,1539000064.0,1476000000.0,1484999936.0,0,0.0,0.0
2014-10-14,1494000000.0,1503000064.0,1484999936.0,1484999936.0,0,0.0,0.0
2014-10-15,1494000000.0,1494000000.0,1440000000.0,1448999936.0,0,0.0,0.0
2014-10-16,1484999936.0,1503000064.0,1422000000.0,1458000000.0,0,0.0,0.0
2014-10-17,1494000000.0,1503000064.0,1494000000.0,1494000000.0,0,0.0,0.0
2014-10-20,1431000064.0,1494000000.0,1431000064.0,1484999936.0,0,0.0,0.0
2014-10-21,1503000064.0,1647000064.0,1503000064.0,1628999936.0,0,0.0,0.0
2014-10-22,1656000000.0,1674000000.0,1556999936.0,1620000000.0,0,0.0,0.0
2014-10-23,1575000064.0,1620000000.0,1575000064.0,1592999936.0,0,0.0,0.0
2014-10-24,1611000064.0,1611000064.0,1431000064.0,1484999936.0,0,0.0,0.0
2014-10-27,1484999936.0,1494000000.0,1458000000.0,1458000000.0,0,0.0,0.0
2014-10-28,1476000000.0,1503000064.0,1476000000.0,1503000064.0,0,0.0,0.0
2014-10-29,1530000000.0,1575000064.0,1494000000.0,1556999936.0,0,0.0,0.0
2014-10-30,1530000000.0,1674000000.0,1530000000.0,1628999936.0,0,0.0,0.0
2014-10-31,1664999936.0,1683000064.0,1548000000.0,1674000000.0,0,0.0,0.0
2014-11-03,1638000000.0,1664999936.0,1575000064.0,1602000000.0,0,0.0,0.0
2014-11-04,1575000064.0,1620000000.0,1575000064.0,1620000000.0,0,0.0,0.0
2014-11-05,1683000064.0,1683000064.0,1575000064.0,1592999936.0,0,0.0,0.0
2014-11-06,1584000000.0,1584000000.0,1476000000.0,1494000000.0,0,0.0,0.0
2014-11-07,1520999936.0,1548000000.0,1484999936.0,1520999936.0,0,0.0,0.0
2014-11-10,1566000000.0,1566000000.0,1494000000.0,1530000000.0,0,0.0,0.0
2014-11-11,1575000064.0,1575000064.0,1476000000.0,1494000000.0,0,0.0,0.0
2014-11-12,1520999936.0,1520999936.0,1476000000.0,1520999936.0,0,0.0,0.0
2014-11-13,1494000000.0,1494000000.0,1494000000.0,1494000000.0,0,0.0,0.0
2014-11-14,1503000064.0,1520999936.0,1494000000.0,1503000064.0,0,0.0,0.0
2014-11-17,1494000000.0,1494000000.0,1476000000.0,1494000000.0,0,0.0,0.0
2014-11-18,1484999936.0,1512000000.0,1476000000.0,1484999936.0,0,0.0,0.0
2014-11-19,1476000000.0,1494000000.0,1476000000.0,1484999936.0,0,0.0,0.0
2014-11-20,1467000064.0,1503000064.0,1422000000.0,1448999936.0,0,0.0,0.0
2014-11-21,1440000000.0,1494000000.0,1395000064.0,1431000064.0,0,0.0,0.0
2014-11-24,1467000064.0,1467000064.0,1395000064.0,1431000064.0,0,0.0,0.0
2014-11-25,1431000064.0,1431000064.0,1395000064.0,1395000064.0,0,0.0,0.0
2014-11-26,1395000064.0,1404000000.0,1350000000.0,1350000000.0,0,0.0,0.0
2014-11-28,1395000064.0,1395000064.0,1332000000.0,1386000000.0,0,0.0,0.0
2014-12-01,1304999936.0,1350000000.0,1232999936.0,1260000000.0,0,0.0,0.0
2014-12-02,1260000000.0,1268999936.0,1188000000.0,1232999936.0,0,0.0,0.0
2014-12-03,1251000064.0,1350000000.0,1251000064.0,1287000064.0,0,0.0,0.0
2014-12-04,1260000000.0,1304999936.0,1260000000.0,1260000000.0,0,0.0,0.0
2014-12-05,1296000000.0,1332000000.0,1268999936.0,1332000000.0,0,0.0,0.0
2014-12-08,1304999936.0,1323000064.0,1224000000.0,1232999936.0,0,0.0,0.0
2014-12-09,1215000064.0,1242000000.0,1206000000.0,1206000000.0,0,0.0,0.0
2014-12-10,1188000000.0,1196999936.0,1124999936.0,1152000000.0,0,0.0,0.0
2014-12-11,1170000000.0,1170000000.0,1088999936.0,1098000000.0,0,0.0,0.0
2014-12-12,1080000000.0,1251000064.0,1017000000.0,1160999936.0,0,0.0,0.0
2014-12-15,1098000000.0,1188000000.0,1088999936.0,1098000000.0,0,0.0,0.0
2014-12-16,1124999936.0,1134000000.0,1008000000.0,1035000000.0,0,0.0,0.0
2014-12-17,1008000000.0,1017000000.0,945000000.0,972000000.0,0,0.0,0.0
2014-12-18,990000000.0,1008000000.0,936000000.0,936000000.0,0,0.0,0.0
2014-12-19,945000000.0,999000000.0,936000000.0,963000000.0,0,0.0,0.0
2014-12-22,954000000.0,981000000.0,909000000.0,981000000.0,0,0.0,0.0
2014-12-23,990000000.0,1035000000.0,945000000.0,1017000000.0,0,0.0,0.0
2014-12-24,999000000.0,1035000000.0,945000000.0,1035000000.0,0,0.0,0.0
2014-12-26,1008000000.0,1053000000.0,972000000.0,1017000000.0,0,0.0,0.0
2014-12-29,1017000000.0,1017000000.0,936000000.0,936000000.0,0,0.0,0.0
2014-12-30,936000000.0,990000000.0,918000000.0,990000000.0,0,0.0,0.0
2014-12-31,972000000.0,990000000.0,918000000.0,954000000.0,0,0.0,0.0
2015-01-02,981000000.0,1035000000.0,981000000.0,999000000.0,0,0.0,0.0
2015-01-05,1035000000.0,1035000000.0,900000000.0,945000000.0,0,0.0,0.0
2015-01-06,918000000.0,945000000.0,900000000.0,909000000.0,0,0.0,0.0
2015-01-07,936000000.0,936000000.0,864000000.0,900000000.0,0,0.0,0.0
2015-01-08,909000000.0,999000000.0,909000000.0,945000000.0,0,0.0,0.0
2015-01-09,972000000.0,1179000064.0,945000000.0,1124999936.0,0,0.0,0.0
2015-01-12,1170000000.0,1520999936.0,1124999936.0,1340999936.0,0,0.0,0.0
2015-01-13,1530000000.0,1611000064.0,1124999936.0,1152000000.0,0,0.0,0.0
2015-01-14,1035000000.0,1143000064.0,1017000000.0,1134000000.0,0,0.0,0.0
2015-01-15,1215000064.0,1224000000.0,1062000000.0,1062000000.0,0,0.0,0.0
2015-01-16,1062000000.0,1160999936.0,1044000000.0,1098000000.0,0,0.0,0.0
2015-01-20,1124999936.0,1143000064.0,1053000000.0,1080000000.0,0,0.0,0.0
2015-01-21,1035000000.0,1116000000.0,990000000.0,1026000000.0,0,0.0,0.0
2015-01-22,990000000.0,1062000000.0,972000000.0,999000000.0,0,0.0,0.0
2015-01-23,963000000.0,1035000000.0,963000000.0,981000000.0,0,0.0,0.0
2015-01-26,972000000.0,990000000.0,963000000.0,963000000.0,0,0.0,0.0
2015-01-27,981000000.0,981000000.0,900000000.0,927000000.0,0,0.0,0.0
2015-01-28,936000000.0,963000000.0,900000000.0,936000000.0,0,0.0,0.0
2015-01-29,972000000.0,972000000.0,873000000.0,900000000.0,0,0.0,0.0
2015-01-30,900000000.0,972000000.0,900000000.0,936000000.0,0,0.0,0.0
2015-02-02,972000000.0,972000000.0,900000000.0,918000000.0,0,0.0,0.0
2015-02-03,927000000.0,1062000000.0,918000000.0,1008000000.0,0,0.0,0.0
2015-02-04,1026000000.0,1088999936.0,954000000.0,963000000.0,0,0.0,0.0
2015-02-05,1017000000.0,1017000000.0,945000000.0,981000000.0,0,0.0,0.0
2015-02-06,1008000000.0,1008000000.0,972000000.0,999000000.0,0,0.0,0.0
2015-02-09,981000000.0,1008000000.0,972000000.0,999000000.0,0,0.0,0.0
2015-02-10,981000000.0,1026000000.0,981000000.0,1017000000.0,0,0.0,0.0
2015-02-11,999000000.0,1017000000.0,990000000.0,1008000000.0,0,0.0,0.0
2015-02-12,1017000000.0,1026000000.0,963000000.0,1008000000.0,0,0.0,0.0
2015-02-13,990000000.0,1035000000.0,981000000.0,1026000000.0,0,0.0,0.0
2015-02-17,1044000000.0,1071000000.0,1035000000.0,1071000000.0,0,0.0,0.0
2015-02-18,1080000000.0,1080000000.0,1062000000.0,1080000000.0,0,0.0,0.0
2015-02-19,1080000000.0,1116000000.0,1035000000.0,1088999936.0,0,0.0,0.0
2015-02-20,1098000000.0,1098000000.0,1053000000.0,1062000000.0,0,0.0,0.0
2015-02-23,1026000000.0,1053000000.0,972000000.0,981000000.0,0,0.0,0.0
2015-02-24,954000000.0,1008000000.0,954000000.0,999000000.0,0,0.0,0.0
2015-02-25,972000000.0,1026000000.0,936000000.0,1026000000.0,0,0.0,0.0
2015-02-26,1026000000.0,1026000000.0,972000000.0,981000000.0,0,0.0,0.0
2015-02-27,1017000000.0,1017000000.0,954000000.0,954000000.0,0,0.0,0.0
2015-03-02,945000000.0,972000000.0,945000000.0,954000000.0,0,0.0,0.0
2015-03-03,936000000.0,954000000.0,900000000.0,936000000.0,0,0.0,0.0
2015-03-04,927000000.0,945000000.0,918000000.0,945000000.0,0,0.0,0.0
2015-03-05,945000000.0,1026000000.0,945000000.0,990000000.0,0,0.0,0.0
2015-03-06,990000000.0,1026000000.0,990000000.0,1017000000.0,0,0.0,0.0
2015-03-09,1044000000.0,1044000000.0,954000000.0,981000000.0,0,0.0,0.0
2015-03-10,981000000.0,999000000.0,954000000.0,972000000.0,0,0.0,0.0
2015-03-11,954000000.0,963000000.0,954000000.0,963000000.0,0,0.0,0.0
2015-03-12,954000000.0,963000000.0,945000000.0,954000000.0,0,0.0,0.0
2015-03-13,972000000.0,972000000.0,936000000.0,954000000.0,0,0.0,0.0
2015-03-16,954000000.0,999000000.0,945000000.0,990000000.0,0,0.0,0.0
2015-03-17,963000000.0,990000000.0,954000000.0,963000000.0,0,0.0,0.0
2015-03-18,981000000.0,990000000.0,945000000.0,945000000.0,0,0.0,0.0
2015-03-19,972000000.0,990000000.0,945000000.0,954000000.0,0,0.0,0.0
2015-03-20,990000000.0,1017000000.0,963000000.0,972000000.0,0,0.0,0.0
2015-03-23,990000000.0,1026000000.0,945000000.0,981000000.0,0,0.0,0.0
2015-03-24,1026000000.0,1035000000.0,954000000.0,999000000.0,0,0.0,0.0
2015-03-25,1008000000.0,1008000000.0,954000000.0,954000000.0,0,0.0,0.0
2015-03-26,954000000.0,999000000.0,954000000.0,981000000.0,0,0.0,0.0
2015-03-27,981000000.0,999000000.0,909000000.0,927000000.0,0,0.0,0.0
2015-03-30,927000000.0,981000000.0,927000000.0,963000000.0,0,0.0,0.0
2015-03-31,981000000.0,990000000.0,954000000.0,981000000.0,0,0.0,0.0
2015-04-01,1017000000.0,1062000000.0,981000000.0,1026000000.0,0,0.0,0.0
2015-04-02,1044000000.0,1053000000.0,999000000.0,1026000000.0,0,0.0,0.0
2015-04-06,1017000000.0,1044000000.0,999000000.0,1026000000.0,0,0.0,0.0
2015-04-07,1008000000.0,1088999936.0,1008000000.0,1053000000.0,0,0.0,0.0
2015-04-08,1080000000.0,1080000000.0,1053000000.0,1053000000.0,0,0.0,0.0
2015-04-09,1026000000.0,1035000000.0,972000000.0,1017000000.0,0,0.0,0.0
2015-04-10,990000000.0,999000000.0,990000000.0,990000000.0,0,0.0,0.0
2015-04-13,1026000000.0,1035000000.0,999000000.0,999000000.0,0,0.0,0.0
2015-04-14,999000000.0,999000000.0,999000000.0,999000000.0,0,0.0,0.0
2015-04-15,999000000.0,999000000.0,936000000.0,981000000.0,0,0.0,0.0
2015-04-16,981000000.0,981000000.0,981000000.0,981000000.0,0,0.0,0.0
2015-04-17,981000000.0,1017000000.0,981000000.0,981000000.0,0,0.0,0.0
2015-04-20,999000000.0,999000000.0,954000000.0,990000000.0,0,0.0,0.0
2015-04-21,981000000.0,990000000.0,936000000.0,990000000.0,0,0.0,0.0
2015-04-22,963000000.0,1017000000.0,909000000.0,963000000.0,0,0.0,0.0
2015-04-23,954000000.0,1071000000.0,936000000.0,1044000000.0,0,0.0,0.0
2015-04-24,1071000000.0,1268999936.0,981000000.0,1017000000.0,0,0.0,0.0
2015-04-27,972000000.0,1026000000.0,972000000.0,999000000.0,0,0.0,0.0
2015-04-28,1008000000.0,1008000000.0,981000000.0,981000000.0,0,0.0,0.0
2015-04-29,999000000.0,999000000.0,963000000.0,972000000.0,0,0.0,0.0
2015-04-30,963000000.0,972000000.0,963000000.0,963000000.0,0,0.0,0.0
2015-05-01,999000000.0,999000000.0,972000000.0,972000000.0,0,0.0,0.0
2015-05-04,972000000.0,999000000.0,972000000.0,999000000.0,0,0.0,0.0
2015-05-05,990000000.0,990000000.0,945000000.0,981000000.0,0,0.0,0.0
2015-05-06,954000000.0,954000000.0,927000000.0,927000000.0,0,0.0,0.0
2015-05-07,927000000.0,963000000.0,927000000.0,936000000.0,0,0.0,0.0
2015-05-08,963000000.0,963000000.0,927000000.0,954000000.0,0,0.0,0.0
2015-05-11,1017000000.0,1035000000.0,936000000.0,936000000.0,0,0.0,0.0
2015-05-12,963000000.0,972000000.0,927000000.0,927000000.0,0,0.0,0.0
2015-05-13,936000000.0,954000000.0,936000000.0,945000000.0,0,0.0,0.0
2015-05-14,936000000.0,981000000.0,936000000.0,981000000.0,0,0.0,0.0
2015-05-15,945000000.0,990000000.0,927000000.0,927000000.0,0,0.0,0.0
2015-05-18,945000000.0,945000000.0,936000000.0,945000000.0,0,0.0,0.0
2015-05-19,945000000.0,963000000.0,909000000.0,963000000.0,0,0.0,0.0
2015-05-20,936000000.0,1107000064.0,909000000.0,945000000.0,0,0.0,0.0
2015-05-21,981000000.0,981000000.0,927000000.0,954000000.0,0,0.0,0.0
2015-05-22,936000000.0,945000000.0,909000000.0,945000000.0,0,0.0,0.0
2015-05-26,927000000.0,936000000.0,927000000.0,936000000.0,0,0.0,0.0
2015-05-27,936000000.0,945000000.0,936000000.0,945000000.0,0,0.0,0.0
2015-05-28,945000000.0,945000000.0,945000000.0,945000000.0,0,0.0,0.0
2015-05-29,936000000.0,963000000.0,936000000.0,963000000.0,0,0.0,0.0
2015-06-01,963000000.0,963000000.0,936000000.0,945000000.0,0,0.0,0.0
2015-06-02,945000000.0,945000000.0,936000000.0,936000000.0,0,0.0,0.0
2015-06-03,936000000.0,945000000.0,900000000.0,945000000.0,0,0.0,0.0
2015-06-04,909000000.0,936000000.0,900000000.0,936000000.0,0,0.0,0.0
2015-06-08,945000000.0,954000000.0,918000000.0,927000000.0,0,0.0,0.0
2015-06-09,927000000.0,972000000.0,927000000.0,963000000.0,0,0.0,0.0
2015-06-10,945000000.0,954000000.0,945000000.0,945000000.0,0,0.0,0.0
2015-06-11,945000000.0,972000000.0,945000000.0,945000000.0,0,0.0,0.0
2015-06-12,963000000.0,963000000.0,954000000.0,954000000.0,0,0.0,0.0
2015-06-15,945000000.0,945000000.0,900000000.0,945000000.0,0,0.0,0.0
2015-06-16,909000000.0,945000000.0,900000000.0,918000000.0,0,0.0,0.0
2015-06-17,891000000.0,963000000.0,891000000.0,963000000.0,0,0.0,0.0
2015-06-18,954000000.0,954000000.0,909000000.0,909000000.0,0,0.0,0.0
2015-06-19,945000000.0,1098000000.0,945000000.0,954000000.0,0,0.0,0.0
2015-06-22,954000000.0,1026000000.0,945000000.0,981000000.0,0,0.0,0.0
2015-06-23,1017000000.0,1017000000.0,936000000.0,963000000.0,0,0.0,0.0
2015-06-25,963000000.0,963000000.0,927000000.0,945000000.0,0,0.0,0.0
2015-06-26,936000000.0,936000000.0,891000000.0,927000000.0,0,0.0,0.0
2015-06-29,891000000.0,954000000.0,882000000.0,954000000.0,0,0.0,0.0
2015-06-30,936000000.0,954000000.0,909000000.0,927000000.0,0,0.0,0.0
2015-07-01,954000000.0,1088999936.0,927000000.0,945000000.0,0,0.0,0.0
2015-07-02,936000000.0,963000000.0,927000000.0,927000000.0,0,0.0,0.0
2015-07-06,936000000.0,990000000.0,936000000.0,945000000.0,0,0.0,0.0
2015-07-07,945000000.0,945000000.0,927000000.0,936000000.0,0,0.0,0.0
2015-07-08,936000000.0,945000000.0,936000000.0,936000000.0,0,0.0,0.0
2015-07-09,945000000.0,1026000000.0,945000000.0,1026000000.0,0,0.0,0.0
2015-07-10,1008000000.0,1008000000.0,954000000.0,990000000.0,0,0.0,0.0
2015-07-14,954000000.0,1116000000.0,954000000.0,1071000000.0,0,0.0,0.0
2015-07-15,1044000000.0,1170000000.0,990000000.0,1071000000.0,0,0.0,0.0
2015-07-16,1044000000.0,1160999936.0,1044000000.0,1088999936.0,0,0.0,0.0
2015-07-17,1088999936.0,1160999936.0,1080000000.0,1134000000.0,0,0.0,0.0
2015-07-20,1152000000.0,1160999936.0,999000000.0,1098000000.0,0,0.0,0.0
2015-07-21,1062000000.0,1088999936.0,981000000.0,1008000000.0,0,0.0,0.0
2015-07-22,1044000000.0,1044000000.0,972000000.0,1017000000.0,0,0.0,0.0
2015-07-23,1026000000.0,1053000000.0,999000000.0,1017000000.0,0,0.0,0.0
2015-07-24,1035000000.0,1035000000.0,981000000.0,1035000000.0,0,0.0,0.0
2015-07-27,1026000000.0,1026000000.0,972000000.0,999000000.0,0,0.0,0.0
2015-07-28,1035000000.0,1053000000.0,1017000000.0,1053000000.0,0,0.0,0.0
2015-07-29,1053000000.0,1053000000.0,1026000000.0,1053000000.0,0,0.0,0.0
2015-07-30,1116000000.0,1116000000.0,1044000000.0,1080000000.0,0,0.0,0.0
2015-07-31,1107000064.0,1107000064.0,1053000000.0,1053000000.0,0,0.0,0.0
2015-08-03,1080000000.0,1080000000.0,1026000000.0,1080000000.0,0,0.0,0.0
2015-08-04,1053000000.0,1071000000.0,1026000000.0,1053000000.0,0,0.0,0.0
2015-08-05,1044000000.0,1062000000.0,1008000000.0,1008000000.0,0,0.0,0.0
2015-08-06,999000000.0,1044000000.0,999000000.0,1044000000.0,0,0.0,0.0
2015-08-07,1053000000.0,1053000000.0,954000000.0,981000000.0,0,0.0,0.0
2015-08-10,954000000.0,1026000000.0,954000000.0,999000000.0,0,0.0,0.0
2015-08-11,972000000.0,1026000000.0,972000000.0,1017000000.0,0,0.0,0.0
2015-08-12,1008000000.0,1026000000.0,981000000.0,1008000000.0,0,0.0,0.0
2015-08-13,999000000.0,1035000000.0,954000000.0,1035000000.0,0,0.0,0.0
2015-08-14,1026000000.0,1053000000.0,990000000.0,1035000000.0,0,0.0,0.0
2015-08-17,999000000.0,1026000000.0,990000000.0,999000000.0,0,0.0,0.0
2015-08-18,963000000.0,999000000.0,963000000.0,981000000.0,0,0.0,0.0
2015-08-19,1035000000.0,1035000000.0,990000000.0,999000000.0,0,0.0,0.0
2015-08-20,990000000.0,990000000.0,972000000.0,981000000.0,0,0.0,0.0
2015-08-24,963000000.0,963000000.0,810000000.0,927000000.0,0,0.0,0.0
2015-08-25,900000000.0,990000000.0,873000000.0,990000000.0,0,0.0,0.0
2015-08-26,981000000.0,981000000.0,900000000.0,963000000.0,0,0.0,0.0
2015-08-27,1008000000.0,1008000000.0,909000000.0,918000000.0,0,0.0,0.0
2015-08-28,909000000.0,999000000.0,873000000.0,936000000.0,0,0.0,0.0
2015-08-31,1035000000.0,1035000000.0,909000000.0,936000000.0,0,0.0,0.0
2015-09-01,900000000.0,927000000.0,900000000.0,927000000.0,0,0.0,0.0
2015-09-02,882000000.0,927000000.0,882000000.0,927000000.0,0,0.0,0.0
2015-09-03,945000000.0,954000000.0,909000000.0,936000000.0,0,0.0,0.0
2015-09-04,963000000.0,990000000.0,909000000.0,990000000.0,0,0.0,0.0
2015-09-08,900000000.0,972000000.0,900000000.0,963000000.0,0,0.0,0.0
2015-09-09,909000000.0,1008000000.0,909000000.0,945000000.0,0,0.0,0.0
2015-09-10,972000000.0,981000000.0,945000000.0,945000000.0,0,0.0,0.0
2015-09-11,945000000.0,963000000.0,900000000.0,963000000.0,0,0.0,0.0
2015-09-14,909000000.0,963000000.0,909000000.0,909000000.0,0,0.0,0.0
2015-09-15,909000000.0,936000000.0,909000000.0,927000000.0,0,0.0,0.0
2015-09-16,900000000.0,918000000.0,900000000.0,918000000.0,0,0.0,0.0
2015-09-17,900000000.0,936000000.0,900000000.0,936000000.0,0,0.0,0.0
2015-09-18,900000000.0,936000000.0,900000000.0,918000000.0,0,0.0,0.0
2015-09-21,909000000.0,936000000.0,909000000.0,936000000.0,0,0.0,0.0
2015-09-22,927000000.0,936000000.0,900000000.0,936000000.0,0,0.0,0.0
2015-09-23,927000000.0,936000000.0,891000000.0,900000000.0,0,0.0,0.0
2015-09-24,900000000.0,900000000.0,864000000.0,900000000.0,0,0.0,0.0
2015-09-25,900000000.0,900000000.0,711000000.0,783000000.0,0,0.0,0.0
2015-09-28,783000000.0,846000000.0,774000000.0,846000000.0,0,0.0,0.0
2015-09-29,846000000.0,846000000.0,828000000.0,828000000.0,0,0.0,0.0
2015-09-30,819000000.0,837000000.0,774000000.0,837000000.0,0,0.0,0.0
2015-10-01,855000000.0,855000000.0,792000000.0,792000000.0,0,0.0,0.0
2015-10-02,810000000.0,828000000.0,810000000.0,828000000.0,0,0.0,0.0
2015-10-05,792000000.0,846000000.0,792000000.0,828000000.0,0,0.0,0.0
2015-10-06,810000000.0,810000000.0,765000000.0,783000000.0,0,0.0,0.0
2015-10-07,765000000.0,801000000.0,765000000.0,801000000.0,0,0.0,0.0
2015-10-08,765000000.0,765000000.0,765000000.0,765000000.0,0,0.0,0.0
2015-10-09,783000000.0,837000000.0,765000000.0,765000000.0,0,0.0,0.0
2015-10-12,792000000.0,792000000.0,774000000.0,792000000.0,0,0.0,0.0
2015-10-13,783000000.0,801000000.0,783000000.0,801000000.0,0,0.0,0.0
2015-10-14,783000000.0,783000000.0,783000000.0,783000000.0,0,0.0,0.0
2015-10-15,783000000.0,801000000.0,765000000.0,765000000.0,0,0.0,0.0
2015-10-16,792000000.0,891000000.0,792000000.0,882000000.0,0,0.0,0.0
2015-10-19,855000000.0,855000000.0,855000000.0,855000000.0,0,0.0,0.0
2015-10-20,792000000.0,855000000.0,792000000.0,828000000.0,0,0.0,0.0
2015-10-21,819000000.0,819000000.0,774000000.0,783000000.0,0,0.0,0.0
2015-10-22,873000000.0,873000000.0,765000000.0,765000000.0,0,0.0,0.0
2015-10-23,774000000.0,792000000.0,774000000.0,792000000.0,0,0.0,0.0
2015-10-26,864000000.0,873000000.0,783000000.0,837000000.0,0,0.0,0.0
2015-10-27,837000000.0,837000000.0,837000000.0,837000000.0,0,0.0,0.0
2015-10-28,855000000.0,855000000.0,756000000.0,774000000.0,0,0.0,0.0
2015-10-29,783000000.0,783000000.0,756000000.0,756000000.0,0,0.0,0.0
2015-10-30,756000000.0,756000000.0,756000000.0,756000000.0,0,0.0,0.0
2015-11-02,765000000.0,792000000.0,765000000.0,792000000.0,0,0.0,0.0
2015-11-03,765000000.0,774000000.0,756000000.0,756000000.0,0,0.0,0.0
2015-11-04,756000000.0,765000000.0,756000000.0,765000000.0,0,0.0,0.0
2015-11-05,792000000.0,792000000.0,747000000.0,765000000.0,0,0.0,0.0
2015-11-06,774000000.0,774000000.0,774000000.0,774000000.0,0,0.0,0.0
2015-11-09,774000000.0,792000000.0,765000000.0,765000000.0,0,0.0,0.0
2015-11-10,729000000.0,774000000.0,729000000.0,774000000.0,0,0.0,0.0
2015-11-12,747000000.0,747000000.0,675000000.0,720000000.0,0,0.0,0.0
2015-11-13,702000000.0,702000000.0,630000000.0,630000000.0,0,0.0,0.0
2015-11-16,648000000.0,783000000.0,639000000.0,702000000.0,0,0.0,0.0
2015-11-17,693000000.0,702000000.0,675000000.0,702000000.0,0,0.0,0.0
2015-11-18,702000000.0,702000000.0,702000000.0,702000000.0,0,0.0,0.0
2015-11-19,720000000.0,720000000.0,711000000.0,720000000.0,0,0.0,0.0
2015-11-20,720000000.0,720000000.0,720000000.0,720000000.0,0,0.0,0.0
2015-11-23,738000000.0,738000000.0,720000000.0,720000000.0,0,0.0,0.0
2015-11-24,720000000.0,720000000.0,711000000.0,711000000.0,0,0.0,0.0
2015-11-27,711000000.0,711000000.0,711000000.0,711000000.0,0,0.0,0.0
2015-11-30,702000000.0,720000000.0,693000000.0,720000000.0,0,0.0,0.0
2015-12-01,729000000.0,729000000.0,684000000.0,720000000.0,0,0.0,0.0
2015-12-02,675000000.0,711000000.0,666000000.0,666000000.0,0,0.0,0.0
2015-12-03,675000000.0,675000000.0,675000000.0,675000000.0,0,0.0,0.0
2015-12-04,657000000.0,675000000.0,648000000.0,648000000.0,0,0.0,0.0
2015-12-07,666000000.0,666000000.0,639000000.0,639000000.0,0,0.0,0.0
2015-12-08,639000000.0,693000000.0,459000000.0,585000000.0,0,0.0,0.0
2015-12-09,567000000.0,648000000.0,468000000.0,540000000.0,0,0.0,0.0
2015-12-10,540000000.0,540000000.0,468000000.0,522000000.0,0,0.0,0.0
2015-12-11,495000000.0,531000000.0,405000000.0,459000000.0,0,0.0,0.0
2015-12-14,450000000.0,450000000.0,396000000.0,396000000.0,0,0.0,0.0
2015-12-15,378000000.0,378000000.0,279000000.0,315000000.0,0,0.0,0.0
2015-12-16,288000000.0,387000000.0,288000000.0,351000000.0,0,0.0,0.0
2015-12-17,297000000.0,360000000.0,297000000.0,333000000.0,0,0.0,0.0
2015-12-18,351000000.0,360000000.0,306000000.0,306000000.0,0,0.0,0.0
2015-12-21,333000000.0,360000000.0,306000000.0,306000000.0,0,0.0,0.0
2015-12-22,306000000.0,306000000.0,288000000.0,288000000.0,0,0.0,0.0
2015-12-23,288000000.0,351000000.0,270000000.0,297000000.0,0,0.0,0.0
2015-12-24,297000000.0,351000000.0,297000000.0,333000000.0,0,0.0,0.0
2015-12-28,333000000.0,396000000.0,324000000.0,324000000.0,0,0.0,0.0
2015-12-29,324000000.0,324000000.0,306000000.0,315000000.0,0,0.0,0.0
2015-12-30,297000000.0,315000000.0,243000000.0,306000000.0,0,0.0,0.0
2015-12-31,306000000.0,306000000.0,252000000.0,288000000.0,0,0.0,0.0
2016-01-04,270000000.0,279000000.0,270000000.0,279000000.0,0,0.0,0.0
2016-01-05,378000000.0,378000000.0,297000000.0,324000000.0,0,0.0,0.0
2016-01-06,288000000.0,306000000.0,288000000.0,297000000.0,0,0.0,0.0
2016-01-07,288000000.0,288000000.0,288000000.0,288000000.0,0,0.0,0.0
2016-01-08,270000000.0,279000000.0,270000000.0,270000000.0,0,0.0,0.0
2016-01-11,270000000.0,270000000.0,225000000.0,252000000.0,0,0.0,0.0
2016-01-12,225000000.0,288000000.0,225000000.0,243000000.0,0,0.0,0.0
2016-01-13,288000000.0,288000000.0,243000000.0,243000000.0,0,0.0,0.0
2016-01-14,225000000.0,252000000.0,225000000.0,243000000.0,0,0.0,0.0
2016-01-15,234000000.0,270000000.0,225000000.0,225000000.0,0,0.0,0.0
2016-01-19,225000000.0,234000000.0,225000000.0,225000000.0,0,0.0,0.0
2016-01-20,225000000.0,225000000.0,180000000.0,180000000.0,0,0.0,0.0
2016-01-21,117000000.0,180000000.0,117000000.0,171000000.0,0,0.0,0.0
2016-01-22,162000000.0,279000000.0,162000000.0,270000000.0,0,0.0,0.0
2016-01-25,288000000.0,297000000.0,198000000.0,234000000.0,0,0.0,0.0
2016-01-27,288000000.0,288000000.0,234000000.0,234000000.0,0,0.0,0.0
2016-01-28,252000000.0,252000000.0,252000000.0,252000000.0,0,0.0,0.0
2016-01-29,279000000.0,279000000.0,225000000.0,243000000.0,0,0.0,0.0
2016-02-01,225000000.0,270000000.0,225000000.0,243000000.0,0,0.0,0.0
2016-02-02,243000000.0,243000000.0,225000000.0,243000000.0,0,0.0,0.0
2016-02-03,243000000.0,270000000.0,243000000.0,270000000.0,0,0.0,0.0
2016-02-04,270000000.0,270000000.0,234000000.0,234000000.0,0,0.0,0.0
2016-02-05,252000000.0,270000000.0,252000000.0,261000000.0,0,0.0,0.0
2016-02-08,261000000.0,261000000.0,180000000.0,216000000.0,0,0.0,0.0
2016-02-09,234000000.0,234000000.0,234000000.0,234000000.0,0,0.0,0.0
2016-02-10,135000000.0,225000000.0,135000000.0,189000000.0,0,0.0,0.0
2016-02-11,207000000.0,207000000.0,198000000.0,198000000.0,0,0.0,0.0
2016-02-12,198000000.0,198000000.0,198000000.0,198000000.0,0,0.0,0.0
2016-02-16,216000000.0,216000000.0,216000000.0,216000000.0,0,0.0,0.0
2016-02-17,216000000.0,216000000.0,189000000.0,189000000.0,0,0.0,0.0
2016-02-18,261000000.0,261000000.0,189000000.0,207000000.0,0,0.0,0.0
2016-02-19,252000000.0,252000000.0,189000000.0,189000000.0,0,0.0,0.0
2016-02-22,207000000.0,270000000.0,186300000.0,202500000.0,0,0.0,0.1
2016-02-23,175500000.0,205200000.0,135900000.0,196200000.0,0,0.0,0.0
2016-02-24,188100000.0,191700000.0,171900000.0,184500000.0,0,0.0,0.0
2016-02-25,203400000.0,378900000.0,203400000.0,252000000.0,0,0.0,0.0
2016-02-26,242100000.0,267300000.0,229500000.0,252900000.0,0,0.0,0.0
2016-02-29,252900000.0,270000000.0,241200000.0,260100000.0,0,0.0,0.0
2016-03-01,261000000.0,340200000.0,257400000.0,318600000.0,0,0.0,0.0
2016-03-02,312300000.0,312300000.0,250200000.0,301500000.0,0,0.0,0.0
2016-03-03,279000000.0,337500000.0,279000000.0,312300000.0,0,0.0,0.0
2016-03-04,324900000.0,399600000.0,288900000.0,315000000.0,0,0.0,0.0
2016-03-07,332100000.0,359100000.0,294300000.0,294300000.0,0,0.0,0.0
2016-03-08,282600000.0,291600000.0,261000000.0,279900000.0,0,0.0,0.0
2016-03-09,259200000.0,290700000.0,256500000.0,270900000.0,0,0.0,0.0
2016-03-10,261000000.0,265500000.0,243000000.0,243000000.0,0,0.0,0.0
2016-03-11,266400000.0,266400000.0,237600000.0,238500000.0,0,0.0,0.0
2016-03-14,241200000.0,241200000.0,202500000.0,216900000.0,0,0.0,0.0
2016-03-15,216000000.0,227700000.0,203400000.0,204300000.0,0,0.0,0.0
2016-03-16,203400000.0,223200000.0,202500000.0,204300000.0,0,0.0,0.0
2016-03-17,207000000.0,223200000.0,207000000.0,222300000.0,0,0.0,0.0
2016-03-18,219600000.0,219600000.0,166500000.0,198000000.0,0,0.0,0.0
2016-03-21,204300000.0,204300000.0,198000000.0,198000000.0,0,0.0,0.0
2016-03-22,180000000.0,215100000.0,180000000.0,197100000.0,0,0.0,0.0
2016-03-23,195300000.0,197100000.0,167400000.0,180900000.0,0,0.0,0.0
2016-03-24,179100000.0,184500000.0,179100000.0,180900000.0,0,0.0,0.0
2016-03-28,179100000.0,196200000.0,176400000.0,178200000.0,0,0.0,0.0
2016-03-29,197100000.0,197100000.0,171000000.0,176400000.0,0,0.0,0.0
2016-03-30,180900000.0,181800000.0,178200000.0,178200000.0,0,0.0,0.0
2016-03-31,171900000.0,188100000.0,171900000.0,179100000.0,0,0.0,0.0
2016-04-01,179100000.0,180900000.0,178200000.0,180900000.0,0,0.0,0.0
2016-04-04,173700000.0,176400000.0,171900000.0,172800000.0,0,0.0,0.0
2016-04-05,190800000.0,192600000.0,180000000.0,181800000.0,0,0.0,0.0
2016-04-06,175500000.0,175500000.0,162900000.0,163800000.0,0,0.0,0.0
2016-04-07,182700000.0,194400000.0,170100000.0,170100000.0,0,0.0,0.0
2016-04-08,167400000.0,171900000.0,165600000.0,168300000.0,0,0.0,0.0
2016-04-11,176400000.0,184500000.0,175500000.0,182700000.0,0,0.0,0.0
2016-04-12,192600000.0,192600000.0,173700000.0,179100000.0,0,0.0,0.0
2016-04-13,180000000.0,186300000.0,180000000.0,186300000.0,0,0.0,0.0
2016-04-14,189000000.0,197100000.0,187200000.0,194400000.0,0,0.0,0.0
2016-04-15,189900000.0,194400000.0,177300000.0,188100000.0,0,0.0,0.0
2016-04-18,171000000.0,189000000.0,171000000.0,180000000.0,0,0.0,0.0
2016-04-19,188100000.0,297900000.0,188100000.0,227700000.0,0,0.0,0.0
2016-04-20,227700000.0,247500000.0,212400000.0,232200000.0,0,0.0,0.0
2016-04-21,238500000.0,242100000.0,225900000.0,234000000.0,0,0.0,0.0
2016-04-22,240300000.0,257400000.0,222300000.0,243900000.0,0,0.0,0.0
2016-04-25,240300000.0,254700000.0,240300000.0,247500000.0,0,0.0,0.0
2016-04-26,255600000.0,255600000.0,241200000.0,241200000.0,0,0.0,0.0
2016-04-27,248400000.0,248400000.0,229500000.0,236700000.0,0,0.0,0.0
2016-04-28,235800000.0,309600000.0,225000000.0,248400000.0,0,0.0,0.0
2016-04-29,261000000.0,290700000.0,234900000.0,251100000.0,0,0.0,0.0
2016-05-02,241200000.0,245700000.0,231300000.0,231300000.0,0,0.0,0.0
2016-05-03,231300000.0,231300000.0,209700000.0,212400000.0,0,0.0,0.0
2016-05-04,209700000.0,236700000.0,209700000.0,220500000.0,0,0.0,0.0
2016-05-05,221400000.0,221400000.0,206100000.0,207900000.0,0,0.0,0.0
2016-05-06,214200000.0,226800000.0,213300000.0,214200000.0,0,0.0,0.0
2016-05-09,216900000.0,216900000.0,213300000.0,213300000.0,0,0.0,0.0
2016-05-10,215100000.0,215100000.0,211500000.0,213300000.0,0,0.0,0.0
2016-05-11,216000000.0,216000000.0,211500000.0,212400000.0,0,0.0,0.0
2016-05-13,214200000.0,221400000.0,207900000.0,212400000.0,0,0.0,0.0
2016-05-16,216000000.0,216000000.0,198900000.0,207900000.0,0,0.0,0.0
2016-05-17,207900000.0,207900000.0,207000000.0,207000000.0,0,0.0,0.0
2016-05-18,207000000.0,215100000.0,204300000.0,215100000.0,0,0.0,0.0
2016-05-19,212400000.0,237600000.0,206100000.0,207900000.0,0,0.0,0.0
2016-05-20,209700000.0,227700000.0,209700000.0,220500000.0,0,0.0,0.0
2016-05-23,218700000.0,235800000.0,212400000.0,234900000.0,0,0.0,0.0
2016-05-24,225900000.0,231300000.0,214200000.0,214200000.0,0,0.0,0.0
2016-05-25,215100000.0,216000000.0,185400000.0,197100000.0,0,0.0,0.0
2016-05-26,198900000.0,198900000.0,195300000.0,197100000.0,0,0.0,0.0
2016-05-27,214200000.0,216900000.0,201600000.0,207000000.0,0,0.0,0.0
2016-05-31,225900000.0,225900000.0,203400000.0,203400000.0,0,0.0,0.0
2016-06-01,210600000.0,215100000.0,209700000.0,211500000.0,0,0.0,0.0
2016-06-02,216900000.0,217800000.0,210600000.0,210600000.0,0,0.0,0.0
2016-06-03,209700000.0,209700000.0,209700000.0,209700000.0,0,0.0,0.0
2016-06-06,211500000.0,211500000.0,209700000.0,209700000.0,0,0.0,0.0
2016-06-07,213300000.0,215100000.0,212400000.0,215100000.0,0,0.0,0.0
2016-06-08,216900000.0,270900000.0,196200000.0,198000000.0,0,0.0,0.0
2016-06-09,199800000.0,215100000.0,198900000.0,199800000.0,0,0.0,0.0
2016-06-10,198900000.0,198900000.0,176400000.0,180000000.0,0,0.0,0.0
2016-06-13,197100000.0,197100000.0,183600000.0,183600000.0,0,0.0,0.0
2016-06-14,189000000.0,189000000.0,161100000.0,162000000.0,0,0.0,0.0
2016-06-15,170100000.0,184500000.0,153000000.0,169200000.0,0,0.0,0.0
2016-06-16,159300000.0,180900000.0,159300000.0,172800000.0,0,0.0,0.0
2016-06-17,172800000.0,172800000.0,172800000.0,172800000.0,0,0.0,0.0
2016-06-20,161100000.0,171900000.0,145800000.0,162900000.0,0,0.0,0.0
2016-06-21,165600000.0,165600000.0,152100000.0,158400000.0,0,0.0,0.0
2016-06-22,153900000.0,153900000.0,153900000.0,153900000.0,0,0.0,0.0
2016-06-23,162900000.0,162900000.0,162900000.0,162900000.0,0,0.0,0.0
2016-06-24,135000000.0,154800000.0,130500000.0,149400000.0,0,0.0,0.0
2016-06-27,144000000.0,144000000.0,144000000.0,144000000.0,0,0.0,0.0
2016-06-28,152100000.0,164700000.0,152100000.0,152100000.0,0,0.0,0.0
2016-06-29,145800000.0,152100000.0,145800000.0,152100000.0,0,0.0,0.0
2016-06-30,146700000.0,152100000.0,144900000.0,152100000.0,0,0.0,0.0
2016-07-01,152100000.0,152100000.0,152100000.0,152100000.0,0,0.0,0.0
2016-07-05,145800000.0,147600000.0,145800000.0,145800000.0,0,0.0,0.0
2016-07-06,144000000.0,144000000.0,140400000.0,140400000.0,0,0.0,0.0
2016-07-07,140400000.0,147600000.0,137700000.0,146700000.0,0,0.0,0.0
2016-07-08,142200000.0,142200000.0,134100000.0,134100000.0,0,0.0,0.0
2016-07-11,141300000.0,141300000.0,139500000.0,139500000.0,0,0.0,0.0
2016-07-12,135000000.0,135000000.0,135000000.0,135000000.0,0,0.0,0.0
2016-07-13,143100000.0,145800000.0,143100000.0,145800000.0,0,0.0,0.0
2016-07-14,142200000.0,142200000.0,140400000.0,141300000.0,0,0.0,0.0
2016-07-15,143100000.0,147600000.0,133200000.0,138600000.0,0,0.0,0.0
2016-07-18,138600000.0,138600000.0,138600000.0,138600000.0,0,0.0,0.0
2016-07-19,140400000.0,147600000.0,140400000.0,147600000.0,0,0.0,0.0
2016-07-20,149400000.0,231300000.0,148500000.0,199800000.0,0,0.0,0.0
2016-07-21,268200000.0,386100000.0,261000000.0,289800000.0,0,0.0,0.0
2016-07-22,274500000.0,441000000.0,270000000.0,363600000.0,0,0.0,0.0
2016-07-25,404100000.0,404100000.0,294300000.0,310500000.0,0,0.0,0.0
2016-07-26,315900000.0,315900000.0,264600000.0,289800000.0,0,0.0,0.0
2016-07-27,287100000.0,337500000.0,285300000.0,316800000.0,0,0.0,0.0
2016-07-28,306000000.0,316800000.0,270000000.0,274500000.0,0,0.0,0.0
2016-07-29,265500000.0,274500000.0,227700000.0,233100000.0,0,0.0,0.0
2016-08-01,391500000.0,638099968.0,391500000.0,594899968.0,0,0.0,0.0
2016-08-02,693000000.0,756000000.0,554400000.0,562499968.0,0,0.0,0.0
2016-08-03,540000000.0,544499968.0,472500000.0,519300000.0,0,0.0,0.0
2016-08-04,495900000.0,512100000.0,469800000.0,477000000.0,0,0.0,0.0
2016-08-05,466200000.0,583200000.0,452700000.0,518400000.0,0,0.0,0.0
2016-08-08,489600000.0,517500000.0,472500000.0,473400000.0,0,0.0,0.0
2016-08-09,504000000.0,504000000.0,444600000.0,459000000.0,0,0.0,0.0
2016-08-10,486000000.0,546300032.0,427500000.0,431100000.0,0,0.0,0.0
2016-08-11,436500000.0,440100000.0,389700000.0,412200000.0,0,0.0,0.0
2016-08-12,407700000.0,412200000.0,393300000.0,412200000.0,0,0.0,0.0
2016-08-15,424800000.0,457200000.0,385200000.0,434700000.0,0,0.0,0.0
2016-08-16,414000000.0,424800000.0,400500000.0,411300000.0,0,0.0,0.0
2016-08-17,411300000.0,411300000.0,391500000.0,398700000.0,0,0.0,0.0
2016-08-18,387000000.0,414000000.0,387000000.0,393300000.0,0,0.0,0.0
2016-08-19,382500000.0,387900000.0,373500000.0,378000000.0,0,0.0,0.0
2016-08-22,363600000.0,399600000.0,350100000.0,355500000.0,0,0.0,0.0
2016-08-23,345600000.0,358200000.0,338400000.0,341100000.0,0,0.0,0.0
2016-08-24,330300000.0,487800000.0,330300000.0,418500000.0,0,0.0,0.0
2016-08-25,418500000.0,463500000.0,405000000.0,429300000.0,0,0.0,0.0
2016-08-26,421200000.0,457200000.0,360000000.0,384300000.0,0,0.0,0.0
2016-08-29,387900000.0,387900000.0,350100000.0,360900000.0,0,0.0,0.0
2016-08-30,364500000.0,389700000.0,351000000.0,357300000.0,0,0.0,0.0
2016-08-31,365400000.0,365400000.0,329400000.0,356400000.0,0,0.0,0.0
2016-09-01,343800000.0,433800000.0,342000000.0,363600000.0,0,0.0,0.0
2016-09-02,364500000.0,382500000.0,347400000.0,362700000.0,0,0.0,0.0
2016-09-06,364500000.0,393300000.0,351900000.0,369000000.0,0,0.0,0.0
2016-09-07,378900000.0,387900000.0,360000000.0,366300000.0,0,0.0,0.0
2016-09-08,364500000.0,398700000.0,364500000.0,364500000.0,0,0.0,0.0
2016-09-09,364500000.0,372600000.0,349200000.0,351000000.0,0,0.0,0.0
2016-09-12,352800000.0,375300000.0,350100000.0,361800000.0,0,0.0,0.0
2016-09-13,365400000.0,365400000.0,337500000.0,342000000.0,0,0.0,0.0
2016-09-14,358200000.0,369000000.0,333900000.0,342900000.0,0,0.0,0.0
2016-09-15,335700000.0,342000000.0,304200000.0,317700000.0,0,0.0,0.0
2016-09-16,306000000.0,321300000.0,304200000.0,305100000.0,0,0.0,0.0
2016-09-19,311400000.0,316800000.0,279900000.0,280800000.0,0,0.0,0.0
2016-09-20,282600000.0,319500000.0,280800000.0,304200000.0,0,0.0,0.0
2016-09-21,299700000.0,345600000.0,292500000.0,332100000.0,0,0.0,0.0
2016-09-22,333900000.0,345600000.0,312300000.0,320400000.0,0,0.0,0.0
2016-09-23,324900000.0,324900000.0,297000000.0,306000000.0,0,0.0,0.0
2016-09-26,304200000.0,314100000.0,288900000.0,301500000.0,0,0.0,0.0
2016-09-27,297000000.0,303300000.0,279000000.0,288900000.0,0,0.0,0.0
2016-09-28,283500000.0,301500000.0,280800000.0,300600000.0,0,0.0,0.0
2016-09-29,304200000.0,400500000.0,304200000.0,330300000.0,0,0.0,0.0
2016-09-30,330300000.0,346500000.0,306000000.0,313200000.0,0,0.0,0.0
2016-10-03,319500000.0,319500000.0,293400000.0,310500000.0,0,0.0,0.0
2016-10-04,307800000.0,318600000.0,292500000.0,297000000.0,0,0.0,0.0
2016-10-05,292500000.0,306900000.0,288900000.0,297000000.0,0,0.0,0.0
2016-10-06,293400000.0,322200000.0,292500000.0,298800000.0,0,0.0,0.0
2016-10-07,295200000.0,297900000.0,284400000.0,288900000.0,0,0.0,0.0
2016-10-10,281700000.0,306000000.0,281700000.0,300600000.0,0,0.0,0.0
2016-10-11,303300000.0,303300000.0,276300000.0,278100000.0,0,0.0,0.0
2016-10-12,279900000.0,290700000.0,262800000.0,269100000.0,0,0.0,0.0
2016-10-13,270000000.0,270000000.0,246600000.0,252900000.0,0,0.0,0.0
2016-10-14,255600000.0,255600000.0,239400000.0,240300000.0,0,0.0,0.0
2016-10-17,235800000.0,247500000.0,225000000.0,234000000.0,0,0.0,0.0
2016-10-18,242100000.0,242100000.0,225000000.0,234900000.0,0,0.0,0.0
2016-10-19,233100000.0,262800000.0,233100000.0,239400000.0,0,0.0,0.0
2016-10-20,249300000.0,330300000.0,249300000.0,270000000.0,0,0.0,0.0
2016-10-21,257400000.0,270000000.0,239400000.0,252900000.0,0,0.0,0.0
2016-10-24,252000000.0,258300000.0,234000000.0,242100000.0,0,0.0,0.0
2016-10-25,269100000.0,269100000.0,241200000.0,247500000.0,0,0.0,0.0
2016-10-26,252000000.0,256500000.0,235800000.0,240300000.0,0,0.0,0.0
2016-10-27,240300000.0,248400000.0,228600000.0,237600000.0,0,0.0,0.0
2016-10-28,230400000.0,252900000.0,230400000.0,234000000.0,0,0.0,0.0
2016-10-31,235800000.0,243900000.0,221400000.0,225900000.0,0,0.0,0.0
2016-11-01,230400000.0,240300000.0,216000000.0,226800000.0,0,0.0,0.0
2016-11-02,234000000.0,234000000.0,180000000.0,194400000.0,0,0.0,0.0
2016-11-03,195300000.0,225000000.0,182700000.0,207000000.0,0,0.0,0.0
2016-11-04,200700000.0,217800000.0,186300000.0,194400000.0,0,0.0,0.0
2016-11-07,184500000.0,215100000.0,184500000.0,198900000.0,0,0.0,0.0
2016-11-08,191700000.0,221400000.0,191700000.0,208800000.0,0,0.0,0.0
2016-11-09,203400000.0,216000000.0,184500000.0,211500000.0,0,0.0,0.0
2016-11-10,225900000.0,303300000.0,211500000.0,263700000.0,0,0.0,0.0
2016-11-11,252900000.0,324000000.0,226800000.0,254700000.0,0,0.0,0.0
2016-11-14,250200000.0,324000000.0,247500000.0,306000000.0,0,0.0,0.0
2016-11-15,445500000.0,586800000.0,414900000.0,485100000.0,0,0.0,0.0
2016-11-16,583200000.0,756000000.0,504000000.0,548099968.0,0,0.0,0.0
2016-11-17,675000000.0,713699968.0,342000000.0,391500000.0,0,0.0,0.0
2016-11-18,392400000.0,423000000.0,324000000.0,347400000.0,0,0.0,0.0
2016-11-21,352800000.0,370800000.0,290700000.0,296100000.0,0,0.0,0.0
2016-11-22,287100000.0,319500000.0,279000000.0,308700000.0,0,0.0,0.0
2016-11-23,284400000.0,348300000.0,279000000.0,305100000.0,0,0.0,0.0
2016-11-25,305100000.0,321300000.0,279000000.0,288900000.0,0,0.0,0.0
2016-11-28,285300000.0,307800000.0,268200000.0,270000000.0,0,0.0,0.0
2016-11-29,270900000.0,288000000.0,263700000.0,277200000.0,0,0.0,0.0
2016-11-30,279900000.0,302400000.0,271800000.0,287100000.0,0,0.0,0.0
2016-12-01,301500000.0,301500000.0,261900000.0,280800000.0,0,0.0,0.0
2016-12-02,280800000.0,288900000.0,265500000.0,273600000.0,0,0.0,0.0
2016-12-05,278100000.0,286200000.0,269100000.0,279900000.0,0,0.0,0.0
2016-12-06,285300000.0,285300000.0,266400000.0,270900000.0,0,0.0,0.0
2016-12-07,265500000.0,282600000.0,265500000.0,270000000.0,0,0.0,0.0
2016-12-08,271800000.0,274500000.0,252000000.0,265500000.0,0,0.0,0.0
2016-12-09,258300000.0,272700000.0,254700000.0,268200000.0,0,0.0,0.0
2016-12-12,269100000.0,269100000.0,256500000.0,256500000.0,0,0.0,0.0
2016-12-13,252000000.0,258300000.0,234900000.0,247500000.0,0,0.0,0.0
2016-12-14,241200000.0,250200000.0,215100000.0,215100000.0,0,0.0,0.0
2016-12-15,225000000.0,288000000.0,219600000.0,270000000.0,0,0.0,0.0
2016-12-16,292500000.0,296100000.0,243000000.0,250200000.0,0,0.0,0.0
2016-12-19,247500000.0,254700000.0,230400000.0,243000000.0,0,0.0,0.0
2016-12-20,236700000.0,252000000.0,234000000.0,236700000.0,0,0.0,0.0
2016-12-21,244800000.0,248400000.0,234000000.0,236700000.0,0,0.0,0.0
2016-12-22,234000000.0,239400000.0,202500000.0,230400000.0,0,0.0,0.0
2016-12-23,222300000.0,232200000.0,212400000.0,218700000.0,0,0.0,0.0
2016-12-27,218700000.0,229500000.0,210600000.0,217800000.0,0,0.0,0.0
2016-12-28,216900000.0,223200000.0,207900000.0,211500000.0,0,0.0,0.0
2016-12-29,207000000.0,216000000.0,205200000.0,208800000.0,0,0.0,0.0
2016-12-30,205200000.0,211500000.0,202500000.0,202500000.0,0,0.0,0.0
2017-01-03,202500000.0,216900000.0,198000000.0,210600000.0,0,0.0,0.0
2017-01-04,220500000.0,220500000.0,205200000.0,215100000.0,0,0.0,0.0
2017-01-05,216000000.0,228600000.0,214200000.0,218700000.0,0,0.0,0.0
2017-01-06,218700000.0,227700000.0,212400000.0,220500000.0,0,0.0,0.0
2017-01-09,220500000.0,222300000.0,211500000.0,211500000.0,0,0.0,0.0
2017-01-10,207000000.0,218700000.0,205200000.0,205200000.0,0,0.0,0.0
2017-01-11,203400000.0,224100000.0,198900000.0,209700000.0,0,0.0,0.0
2017-01-12,205200000.0,210600000.0,202500000.0,204300000.0,0,0.0,0.0
2017-01-13,202500000.0,241200000.0,202500000.0,225000000.0,0,0.0,0.0
2017-01-17,225000000.0,226800000.0,207900000.0,207900000.0,0,0.0,0.0
2017-01-18,209700000.0,228600000.0,207900000.0,213300000.0,0,0.0,0.0
2017-01-19,210600000.0,220500000.0,208800000.0,214200000.0,0,0.0,0.0
2017-01-20,219600000.0,232200000.0,208800000.0,214200000.0,0,0.0,0.0
2017-01-23,211500000.0,219600000.0,202500000.0,208800000.0,0,0.0,0.0
2017-01-24,204300000.0,211500000.0,204300000.0,207000000.0,0,0.0,0.0
2017-01-25,204300000.0,218700000.0,203400000.0,208800000.0,0,0.0,0.0
2017-01-26,216000000.0,216000000.0,205200000.0,206100000.0,0,0.0,0.0
2017-01-27,210600000.0,211500000.0,189900000.0,192600000.0,0,0.0,0.0
2017-01-30,196200000.0,196200000.0,181800000.0,182700000.0,0,0.0,0.0
2017-01-31,208800000.0,208800000.0,189000000.0,198900000.0,0,0.0,0.0
2017-02-01,197100000.0,207000000.0,186300000.0,190800000.0,0,0.0,0.0
2017-02-02,187200000.0,189900000.0,185400000.0,187200000.0,0,0.0,0.0
2017-02-03,184500000.0,191700000.0,182700000.0,187200000.0,0,0.0,0.0
2017-02-06,187200000.0,207000000.0,183600000.0,200700000.0,0,0.0,0.0
2017-02-07,202500000.0,205200000.0,187200000.0,190800000.0,0,0.0,0.0
2017-02-08,193500000.0,193500000.0,184500000.0,188100000.0,0,0.0,0.0
2017-02-09,188100000.0,189900000.0,180000000.0,188100000.0,0,0.0,0.0
2017-02-10,188100000.0,189000000.0,183600000.0,187200000.0,0,0.0,0.0
2017-02-13,187200000.0,204300000.0,184500000.0,189900000.0,0,0.0,0.0
2017-02-14,216000000.0,216000000.0,189000000.0,194400000.0,0,0.0,0.0
2017-02-15,193500000.0,201600000.0,189000000.0,197100000.0,0,0.0,0.0
2017-02-16,200700000.0,270000000.0,198000000.0,270000000.0,0,0.0,0.0
2017-02-17,405000000.0,445500000.0,288000000.0,289800000.0,0,0.0,0.0
2017-02-21,292500000.0,295200000.0,226800000.0,241200000.0,0,0.0,0.0
2017-02-22,243000000.0,249300000.0,206100000.0,216000000.0,0,0.0,0.0
2017-02-23,220500000.0,220500000.0,196200000.0,203400000.0,0,0.0,0.0
2017-02-24,200700000.0,234000000.0,196200000.0,215100000.0,0,0.0,0.0
2017-02-27,214200000.0,223200000.0,198900000.0,200700000.0,0,0.0,0.0
2017-02-28,203400000.0,207000000.0,187200000.0,193500000.0,0,0.0,0.0
2017-03-01,188100000.0,194400000.0,183600000.0,187200000.0,0,0.0,0.0
2017-03-02,180900000.0,184500000.0,166500000.0,174600000.0,0,0.0,0.0
2017-03-03,172800000.0,195300000.0,171000000.0,184500000.0,0,0.0,0.0
2017-03-06,184500000.0,184500000.0,163800000.0,170100000.0,0,0.0,0.0
2017-03-07,162000000.0,163800000.0,145800000.0,150300000.0,0,0.0,0.0
2017-03-08,150300000.0,151200000.0,135900000.0,141300000.0,0,0.0,0.0
2017-03-09,141300000.0,154800000.0,121500000.0,128700000.0,0,0.0,0.0
2017-03-10,126000000.0,134100000.0,117000000.0,122400000.0,0,0.0,0.0
2017-03-13,125100000.0,126000000.0,107100000.0,110700000.0,0,0.0,0.0
2017-03-14,106200000.0,113400000.0,92700000.0,105300000.0,0,0.0,0.0
2017-03-15,102600000.0,106200000.0,94500000.0,94500000.0,0,0.0,0.0
2017-03-16,103500000.0,225000000.0,100800000.0,198000000.0,0,0.0,0.0
2017-03-17,182700000.0,200700000.0,163800000.0,177300000.0,0,0.0,0.0
2017-03-20,166500000.0,167400000.0,119700000.0,123300000.0,0,0.0,0.0
2017-03-21,126900000.0,127800000.0,108000000.0,118800000.0,0,0.0,0.0
2017-03-22,108900000.0,120600000.0,108000000.0,117000000.0,0,0.0,0.0
2017-03-23,110700000.0,113400000.0,99000000.0,99900000.0,0,0.0,0.0
2017-03-24,99900000.0,138600000.0,99900000.0,104400000.0,0,0.0,0.0
2017-03-27,106200000.0,120600000.0,104400000.0,110700000.0,0,0.0,0.0
2017-03-28,112500000.0,121500000.0,100800000.0,102600000.0,0,0.0,0.0
2017-03-29,108000000.0,108900000.0,95400000.0,101700000.0,0,0.0,0.0
2017-03-30,103500000.0,104400000.0,93600000.0,94500000.0,0,0.0,0.0
2017-03-31,97200000.0,100800000.0,95400000.0,97200000.0,0,0.0,0.0
2017-04-03,97200000.0,98100000.0,95400000.0,96300000.0,0,0.0,0.0
2017-04-04,96300000.0,98100000.0,92700000.0,97200000.0,0,0.0,0.0
2017-04-05,90900000.0,91800000.0,73800000.0,77400000.0,0,0.0,0.0
2017-04-06,79200000.0,79200000.0,58500000.0,58500000.0,0,0.0,0.0
2017-04-07,54000000.0,54900000.0,45000000.0,45000000.0,0,0.0,0.0
2017-04-10,50400000.0,70200000.0,45900000.0,46800000.0,0,0.0,0.0
2017-04-11,51300000.0,52200000.0,44100000.0,45000000.0,0,0.0,0.0
2017-04-12,46800000.0,58500000.0,45000000.0,54900000.0,0,0.0,0.0
2017-04-13,54000000.0,54900000.0,48600000.0,51300000.0,0,0.0,0.0
2017-04-17,51300000.0,51300000.0,46800000.0,46800000.0,0,0.0,0.0
2017-04-18,48600000.0,49500000.0,46800000.0,47700000.0,0,0.0,0.0
2017-04-19,49500000.0,50400000.0,46800000.0,48600000.0,0,0.0,0.0
2017-04-20,49500000.0,49500000.0,46800000.0,46800000.0,0,0.0,0.0
2017-04-21,47700000.0,50400000.0,45900000.0,47700000.0,0,0.0,0.0
2017-04-24,48600000.0,48600000.0,32400000.0,35100000.0,0,0.0,0.0
2017-04-25,39600000.0,40500000.0,35100000.0,36000000.0,0,0.0,0.0
2017-04-26,38700000.0,38700000.0,35100000.0,36000000.0,0,0.0,0.0
2017-04-27,36000000.0,36000000.0,32400000.0,33300000.0,0,0.0,0.0
2017-04-28,30600000.0,30600000.0,25200000.0,26100000.0,0,0.0,0.0
2017-05-01,25200000.0,26100000.0,19800000.0,19800000.0,0,0.0,0.0
2017-05-02,19800000.0,20700000.0,18900000.0,19800000.0,0,0.0,0.0
2017-05-03,18000000.0,19800000.0,17100000.0,19800000.0,0,0.0,0.0
2017-05-04,20700000.0,20700000.0,18900000.0,19800000.0,0,0.0,0.0
2017-05-05,18900000.0,26100000.0,18900000.0,19800000.0,0,0.0,0.0
2017-05-08,21600000.0,22500000.0,18900000.0,19800000.0,0,0.0,0.0
2017-05-09,19800000.0,20700000.0,18900000.0,18900000.0,0,0.0,0.0
2017-05-10,18000000.0,18000000.0,15300000.0,16200000.0,0,0.0,0.0
2017-05-11,12600000.0,14355000.0,7920000.0,8235000.0,0,0.0,0.05
2017-05-12,8235000.0,8460000.0,6345000.0,6525000.0,0,0.0,0.0
2017-05-15,6390000.0,6660000.0,4230000.0,4320000.0,0,0.0,0.0
2017-05-16,4500000.0,5490000.0,4095000.0,4410000.0,0,0.0,0.0
2017-05-17,4365000.0,4365000.0,3735000.0,3915000.0,0,0.0,0.0
2017-05-18,3780000.0,3960000.0,3060000.0,3105000.0,0,0.0,0.0
2017-05-19,2970000.0,3465000.0,2925000.0,3015000.0,0,0.0,0.0
2017-05-22,3150000.0,3150000.0,2250000.0,2295000.0,0,0.0,0.0
2017-05-23,2295000.0,2295000.0,2070000.0,2160000.0,0,0.0,0.0
2017-05-24,2160000.0,2160000.0,1845000.0,1845000.0,0,0.0,0.0
2017-05-25,1980000.0,2745000.0,1710000.0,1755000.0,0,0.0,0.0
2017-05-26,1935000.0,1935000.0,1665000.0,1665000.0,0,0.0,0.0
2017-05-30,1755000.0,2115000.0,1665000.0,1755000.0,0,0.0,0.0
2017-05-31,1800000.0,1800000.0,1350000.0,1440000.0,0,0.0,0.0
2017-06-01,1350000.0,1530000.0,1170000.0,1350000.0,0,0.0,0.0
2017-06-02,1350000.0,1350000.0,1260000.0,1305000.0,0,0.0,0.0
2017-06-05,1260000.0,1485000.0,1215000.0,1350000.0,0,0.0,0.0
2017-06-06,1350000.0,1665000.0,1305000.0,1440000.0,0,0.0,0.0
2017-06-07,1395000.0,1440000.0,1035000.0,1215000.0,0,0.0,0.0
2017-06-08,1215000.0,1260000.0,1035000.0,1125000.0,0,0.0,0.0
2017-06-09,1170000.0,1215000.0,1080000.0,1170000.0,0,0.0,0.0
2017-06-12,1170000.0,1170000.0,990000.0,1035000.0,0,0.0,0.0
2017-06-13,1080000.0,1170000.0,990000.0,990000.0,0,0.0,0.0
2017-06-14,1035000.0,1080000.0,990000.0,1035000.0,0,0.0,0.0
2017-06-15,990000.0,1350000.0,945000.0,990000.0,0,0.0,0.0
2017-06-16,1035000.0,1035000.0,990000.0,990000.0,0,0.0,0.0
2017-06-19,945000.0,990000.0,810000.0,900000.0,0,0.0,0.0
2017-06-20,855000.0,945000.0,855000.0,945000.0,0,0.0,0.0
2017-06-21,945000.0,945000.0,900000.0,945000.0,0,0.0,0.0
2017-06-22,810000.0,855000.0,720000.0,720000.0,0,0.0,0.0
2017-06-23,423000.0,423000.0,225000.0,240000.0,0,0.0,0.06666666666666667
2017-06-26,228000.0,252000.0,180000.0,204000.0,0,0.0,0.0
2017-06-27,273000.0,312000.0,213000.0,234000.0,0,0.0,0.0
2017-06-28,219000.0,228000.0,168000.0,177000.0,0,0.0,0.0
2017-06-29,165000.0,165000.0,126000.0,129000.0,0,0.0,0.0
2017-06-30,129000.0,171000.0,120000.0,126000.0,0,0.0,0.0
2017-07-03,114000.0,117000.0,96000.0,111000.0,0,0.0,0.0
2017-07-05,123000.0,138000.0,102000.0,108000.0,0,0.0,0.0
2017-07-06,102000.0,108000.0,90000.0,96000.0,0,0.0,0.0
2017-07-07,93000.0,96000.0,81000.0,84000.0,0,0.0,0.0
2017-07-10,84000.0,84000.0,75000.0,78000.0,0,0.0,0.0
2017-07-11,81000.0,84000.0,72000.0,75000.0,0,0.0,0.0
2017-07-12,84000.0,96000.0,72000.0,72000.0,0,0.0,0.0
2017-07-13,72000.0,72000.0,63000.0,66000.0,0,0.0,0.0
2017-07-14,66000.0,69000.0,60000.0,63000.0,0,0.0,0.0
2017-07-17,60000.0,63000.0,54000.0,57000.0,0,0.0,0.0
2017-07-18,57000.0,72000.0,54000.0,63000.0,0,0.0,0.0
2017-07-19,60000.0,69000.0,57000.0,63000.0,0,0.0,0.0
2017-07-20,66000.0,72000.0,60000.0,63000.0,0,0.0,0.0
2017-07-21,66000.0,108000.0,60000.0,78000.0,0,0.0,0.0
2017-07-24,96000.0,198000.0,90000.0,135000.0,100,0.0,0.0
2017-07-25,123000.0,177000.0,105000.0,138000.0,0,0.0,0.0
2017-07-26,126000.0,150000.0,90000.0,96000.0,0,0.0,0.0
2017-07-27,108000.0,120000.0,96000.0,108000.0,0,0.0,0.0
2017-07-28,108000.0,120000.0,93000.0,102000.0,0,0.0,0.0
2017-07-31,96000.0,105000.0,75000.0,78000.0,0,0.0,0.0
2017-08-01,81000.0,102000.0,78000.0,99000.0,0,0.0,0.0
2017-08-02,78000.0,90000.0,69000.0,72000.0,0,0.0,0.0
2017-08-03,30000.0,60100.0,23000.0,23000.0,300,0.0,0.03333333333333333
2017-08-04,22300.0,25500.0,18000.0,18900.0,100,0.0,0.0
2017-08-07,19600.0,23000.0,18000.0,18700.0,0,0.0,0.0
2017-08-08,17800.0,18000.0,14000.0,15600.0,100,0.0,0.0
2017-08-09,14500.0,15000.0,12800.0,13600.0,100,0.0,0.0
2017-08-10,13300.0,15600.0,12100.0,12200.0,200,0.0,0.0
2017-08-11,17000.0,17500.0,12400.0,14100.0,400,0.0,0.0
2017-08-14,14000.0,16600.0,13000.0,15000.0,300,0.0,0.0
2017-08-15,15400.0,15600.0,13800.0,14100.0,100,0.0,0.0
2017-08-16,14300.0,14500.0,12600.0,13200.0,100,0.0,0.0
2017-08-17,13400.0,13500.0,12500.0,13100.0,0,0.0,0.0
2017-08-18,14300.0,15400.0,12700.0,12700.0,300,0.0,0.0
2017-08-21,13300.0,13300.0,12400.0,13000.0,0,0.0,0.0
2017-08-22,13000.0,13000.0,10800.0,12000.0,100,0.0,0.0
2017-08-23,11700.0,11700.0,10800.0,11000.0,100,0.0,0.0
2017-08-24,10300.0,10500.0,9700.0,9900.0,100,0.0,0.0
2017-08-25,10000.0,10800.0,9900.0,10300.0,100,0.0,0.0
2017-08-28,10000.0,10300.0,7400.0,8700.0,100,0.0,0.0
2017-08-29,7800.0,8000.0,6700.0,7200.0,200,0.0,0.0
2017-08-30,6800.0,6900.0,5500.0,5500.0,100,0.0,0.0
2017-08-31,5000.0,6300.0,4700.0,5700.0,100,0.0,0.0
2017-09-01,5800.0,5800.0,5100.0,5200.0,100,0.0,0.0
2017-09-05,5400.0,5400.0,4400.0,4400.0,100,0.0,0.0
2017-09-06,4500.0,4700.0,4000.0,4600.0,0,0.0,0.0
2017-09-07,4600.0,6200.0,4500.0,5100.0,200,0.0,0.0
2017-09-08,5100.0,5200.0,4000.0,4400.0,200,0.0,0.0
2017-09-11,4400.0,4700.0,4100.0,4400.0,100,0.0,0.0
2017-09-12,4400.0,4400.0,4100.0,4100.0,100,0.0,0.0
2017-09-13,4300.0,4300.0,3600.0,3800.0,100,0.0,0.0
2017-09-14,4700.0,7700.0,4700.0,5200.0,1300,0.0,0.0
2017-09-15,5100.0,5100.0,4200.0,4300.0,400,0.0,0.0
2017-09-18,4600.0,4600.0,4100.0,4300.0,100,0.0,0.0
2017-09-19,4400.0,4400.0,3900.0,4100.0,100,0.0,0.0
2017-09-20,4100.0,4200.0,3800.0,3800.0,100,0.0,0.0
2017-09-21,4000.0,4400.0,3600.0,4000.0,200,0.0,0.0
2017-09-22,3900.0,4300.0,3700.0,3800.0,100,0.0,0.0
2017-09-25,3800.0,3900.0,3700.0,3700.0,0,0.0,0.0
2017-09-26,3800.0,3800.0,3300.0,3400.0,100,0.0,0.0
2017-09-27,3500.0,4200.0,3300.0,3500.0,500,0.0,0.0
2017-09-28,3500.0,3500.0,3000.0,3300.0,300,0.0,0.0
2017-09-29,3300.0,3300.0,2900.0,3100.0,100,0.0,0.0
2017-10-02,3000.0,3300.0,2800.0,2900.0,200,0.0,0.0
2017-10-03,3000.0,3400.0,2800.0,3000.0,400,0.0,0.0
2017-10-04,3000.0,3400.0,2800.0,3100.0,300,0.0,0.0
2017-10-05,2800.0,2900.0,2700.0,2700.0,300,0.0,0.0
2017-10-06,2500.0,3200.0,2350.0,2650.0,400,0.0,0.5
2017-10-09,2700.0,2900.0,2600.0,2750.0,100,0.0,0.0
2017-10-10,2550.0,2800.0,2400.0,2700.0,100,0.0,0.0
2017-10-11,2700.0,2800.0,2450.0,2500.0,100,0.0,0.0
2017-10-12,2650.0,2650.0,2400.0,2600.0,300,0.0,0.0
2017-10-13,3850.0,4100.0,2850.0,3000.0,2200,0.0,0.0
2017-10-16,2850.0,3100.0,2600.0,2600.0,500,0.0,0.0
2017-10-17,2650.0,3000.0,2600.0,2950.0,200,0.0,0.0
2017-10-18,2850.0,3150.0,2750.0,2750.0,200,0.0,0.0
2017-10-19,2850.0,2850.0,2450.0,2550.0,200,0.0,0.0
2017-10-20,2400.0,2450.0,1600.0,2000.0,900,0.0,0.0
2017-10-23,2200.0,2300.0,2000.0,2050.0,300,0.0,0.0
2017-10-24,2050.0,2100.0,1800.0,1900.0,200,0.0,0.0
2017-10-25,1900.0,2750.0,1850.0,2500.0,800,0.0,0.0
2017-10-26,2750.0,3500.0,2650.0,3350.0,2700,0.0,0.0
2017-10-27,3100.0,3300.0,2150.0,2600.0,600,0.0,0.0
2017-10-30,2650.0,3000.0,2250.0,2650.0,300,0.0,0.0
2017-10-31,2500.0,2750.0,2250.0,2400.0,200,0.0,0.0
2017-11-01,2350.0,2400.0,2000.0,2150.0,200,0.0,0.0
2017-11-02,2300.0,2450.0,2000.0,2150.0,300,0.0,0.0
2017-11-03,2400.0,6600.0,2350.0,3600.0,11000,0.0,0.0
2017-11-06,5600.0,9200.0,5500.0,8400.0,20500,0.0,0.0
2017-11-07,16900.0,17750.0,10050.0,11600.0,19100,0.0,0.0
2017-11-08,8250.0,8500.0,4050.0,4500.0,9100,0.0,0.0
2017-11-09,4500.0,5950.0,4050.0,4350.0,5600,0.0,0.0
2017-11-10,5250.0,5350.0,3400.0,3600.0,4500,0.0,0.0
2017-11-13,3900.0,4100.0,3400.0,3550.0,2100,0.0,0.0
2017-11-14,3550.0,3650.0,2450.0,3100.0,3600,0.0,0.0
2017-11-15,2900.0,3400.0,2550.0,2750.0,2400,0.0,0.0
2017-11-16,2850.0,2900.0,2550.0,2700.0,1200,0.0,0.0
2017-11-17,3750.0,3900.0,2800.0,2850.0,7300,0.0,0.0
2017-11-20,3050.0,3050.0,2750.0,2900.0,2200,0.0,0.0
2017-11-21,3000.0,3000.0,2650.0,2800.0,2200,0.0,0.0
2017-11-22,2650.0,2650.0,2450.0,2500.0,1600,0.0,0.0
2017-11-24,2450.0,2500.0,2150.0,2350.0,1000,0.0,0.0
2017-11-27,2600.0,2650.0,2350.0,2550.0,1800,0.0,0.0
2017-11-28,2400.0,2450.0,2250.0,2300.0,1200,0.0,0.0
2017-11-29,2300.0,2400.0,2250.0,2300.0,900,0.0,0.0
2017-11-30,2350.0,2350.0,2050.0,2150.0,1200,0.0,0.0
2017-12-01,2200.0,2200.0,2000.0,2150.0,1100,0.0,0.0
2017-12-04,2100.0,2150.0,2000.0,2050.0,900,0.0,0.0
2017-12-05,2050.0,2100.0,1950.0,2000.0,1100,0.0,0.0
2017-12-06,1950.0,2000.0,1800.0,1850.0,1000,0.0,0.0
2017-12-07,1850.0,2850.0,1850.0,2150.0,7800,0.0,0.0
2017-12-08,2750.0,2750.0,2100.0,2150.0,5300,0.0,0.0
2017-12-11,2250.0,2250.0,1800.0,1950.0,4200,0.0,0.0
2017-12-12,1850.0,1850.0,1750.0,1800.0,1900,0.0,0.0
2017-12-13,1750.0,1800.0,1500.0,1600.0,2900,0.0,0.0
2017-12-14,1550.0,1850.0,1300.0,1550.0,4600,0.0,0.0
2017-12-15,1550.0,1700.0,1500.0,1550.0,2100,0.0,0.0
2017-12-18,1550.0,1550.0,1400.0,1450.0,1900,0.0,0.0
2017-12-19,1450.0,1450.0,1300.0,1350.0,1500,0.0,0.0
2017-12-20,1300.0,1350.0,1200.0,1350.0,1600,0.0,0.0
2017-12-21,1250.0,1350.0,1200.0,1250.0,1600,0.0,0.0
2017-12-22,1550.0,1550.0,1300.0,1350.0,2300,0.0,0.0
2017-12-26,1400.0,1400.0,1250.0,1300.0,1000,0.0,0.0
2017-12-27,1350.0,1350.0,1250.0,1300.0,1300,0.0,0.0
2017-12-28,1300.0,1350.0,1250.0,1300.0,1400,0.0,0.0
2017-12-29,1300.0,1300.0,1250.0,1250.0,1500,0.0,0.0
2018-01-02,1250.0,1250.0,1150.0,1150.0,1600,0.0,0.0
2018-01-03,1200.0,1350.0,1200.0,1250.0,2500,0.0,0.0
2018-01-04,1500.0,1500.0,1250.0,1350.0,5000,0.0,0.0
2018-01-05,1350.0,1350.0,1250.0,1250.0,2000,0.0,0.0
2018-01-08,1300.0,1300.0,1250.0,1300.0,1300,0.0,0.0
2018-01-09,1300.0,1300.0,1250.0,1250.0,1200,0.0,0.0
2018-01-10,1300.0,1300.0,1250.0,1250.0,900,0.0,0.0
2018-01-11,1250.0,1300.0,1250.0,1250.0,700,0.0,0.0
2018-01-12,1250.0,1250.0,1200.0,1200.0,1000,0.0,0.0
2018-01-16,1200.0,1250.0,1100.0,1150.0,1900,0.0,0.0
2018-01-17,1150.0,1200.0,1100.0,1150.0,1400,0.0,0.0
2018-01-18,1150.0,1150.0,1150.0,1150.0,900,0.0,0.0
2018-01-19,1150.0,1150.0,1100.0,1100.0,1000,0.0,0.0
2018-01-22,1150.0,1350.0,1150.0,1150.0,4100,0.0,0.0
2018-01-23,1200.0,1200.0,1100.0,1150.0,1300,0.0,0.0
2018-01-24,1150.0,1150.0,1150.0,1150.0,700,0.0,0.0
2018-01-25,1150.0,1150.0,1000.0,1000.0,3400,0.0,0.0
2018-01-26,1050.0,1050.0,900.0,1000.0,2100,0.0,0.0
2018-01-29,950.0,1100.0,950.0,950.0,1800,0.0,0.0
2018-01-30,1000.0,1050.0,950.0,1000.0,900,0.0,0.0
2018-01-31,1050.0,1100.0,1000.0,1050.0,1200,0.0,0.0
2018-02-01,1100.0,1150.0,1050.0,1100.0,1100,0.0,0.0
2018-02-02,1150.0,1150.0,1000.0,1000.0,1500,0.0,0.0
2018-02-05,1450.0,1750.0,1100.0,1250.0,14000,0.0,0.0
2018-02-06,1350.0,1350.0,1100.0,1150.0,4100,0.0,0.0
2018-02-07,1200.0,1200.0,1100.0,1100.0,2800,0.0,0.0
2018-02-08,1150.0,1150.0,1000.0,1050.0,2400,0.0,0.0
2018-02-09,1100.0,1100.0,1000.0,1050.0,2300,0.0,0.0
2018-02-12,1000.0,1000.0,950.0,1000.0,2700,0.0,0.0
2018-02-13,1000.0,1000.0,950.0,1000.0,1900,0.0,0.0
2018-02-14,1000.0,1050.0,950.0,1000.0,2600,0.0,0.0
2018-02-15,1050.0,1150.0,1000.0,1150.0,5300,0.0,0.0
2018-02-16,1150.0,1150.0,1000.0,1000.0,3200,0.0,0.0
2018-02-20,1050.0,1050.0,1000.0,1000.0,1800,0.0,0.0
2018-02-21,1000.0,1000.0,950.0,950.0,2500,0.0,0.0
2018-02-22,900.0,950.0,850.0,900.0,2300,0.0,0.0
2018-02-23,950.0,950.0,900.0,900.0,1700,0.0,0.0
2018-02-26,900.0,900.0,850.0,850.0,2400,0.0,0.0
2018-02-27,850.0,850.0,650.0,800.0,3500,0.0,0.0
2018-02-28,750.0,800.0,750.0,750.0,2200,0.0,0.0
2018-03-01,750.0,750.0,700.0,700.0,2900,0.0,0.0
2018-03-02,700.0,700.0,650.0,700.0,2400,0.0,0.0
2018-03-05,700.0,750.0,700.0,700.0,2200,0.0,0.0
2018-03-06,750.0,750.0,700.0,700.0,2000,0.0,0.0
2018-03-07,700.0,700.0,700.0,700.0,1500,0.0,0.0
2018-03-08,700.0,800.0,700.0,750.0,3300,0.0,0.0
2018-03-09,850.0,1100.0,800.0,900.0,13700,0.0,0.0
2018-03-12,1000.0,1050.0,950.0,1000.0,5600,0.0,0.0
2018-03-13,1000.0,1050.0,950.0,1000.0,3800,0.0,0.0
2018-03-14,1000.0,1000.0,900.0,950.0,2300,0.0,0.0
2018-03-15,950.0,950.0,900.0,900.0,1900,0.0,0.0
2018-03-16,950.0,950.0,850.0,950.0,1600,0.0,0.0
2018-03-19,950.0,950.0,900.0,900.0,1000,0.0,0.0
2018-03-20,900.0,950.0,850.0,900.0,800,0.0,0.0
2018-03-21,950.0,950.0,900.0,900.0,1100,0.0,0.0
2018-03-22,900.0,950.0,900.0,900.0,1900,0.0,0.0
2018-03-23,1150.0,1250.0,950.0,950.0,14000,0.0,0.0
2018-03-26,1005.0,1250.0,905.0,1100.0,18500,0.0,0.1
2018-03-27,1100.0,1420.0,1095.0,1260.0,24500,0.0,0.0
2018-03-28,1300.0,1410.0,1015.0,1035.0,12800,0.0,0.0
2018-03-29,1070.0,1070.0,900.0,920.0,6800,0.0,0.0
2018-04-02,955.0,955.0,810.0,825.0,4000,0.0,0.0
2018-04-03,810.0,835.0,725.0,795.0,3900,0.0,0.0
2018-04-04,825.0,965.0,775.0,895.0,6300,0.0,0.0
2018-04-05,905.0,915.0,865.0,880.0,2300,0.0,0.0
2018-04-06,900.0,900.0,825.0,850.0,1900,0.0,0.0
2018-04-09,855.0,940.0,840.0,900.0,2300,0.0,0.0
2018-04-10,870.0,890.0,850.0,860.0,800,0.0,0.0
2018-04-11,870.0,915.0,870.0,905.0,2100,0.0,0.0
2018-04-12,890.0,915.0,885.0,895.0,800,0.0,0.0
2018-04-13,875.0,895.0,850.0,875.0,700,0.0,0.0
2018-04-16,880.0,895.0,855.0,860.0,1000,0.0,0.0
2018-04-17,840.0,875.0,840.0,855.0,800,0.0,0.0
2018-04-18,855.0,865.0,825.0,835.0,1900,0.0,0.0
2018-04-19,840.0,855.0,830.0,830.0,1100,0.0,0.0
2018-04-20,830.0,835.0,800.0,805.0,1600,0.0,0.0
2018-04-23,800.0,805.0,755.0,765.0,1900,0.0,0.0
2018-04-24,760.0,775.0,750.0,755.0,900,0.0,0.0
2018-04-25,760.0,775.0,755.0,770.0,700,0.0,0.0
2018-04-26,770.0,835.0,755.0,830.0,1500,0.0,0.0
2018-04-27,810.0,870.0,810.0,845.0,1600,0.0,0.0
2018-04-30,845.0,855.0,810.0,820.0,800,0.0,0.0
2018-05-01,825.0,865.0,810.0,845.0,900,0.0,0.0
2018-05-02,850.0,855.0,775.0,780.0,1400,0.0,0.0
2018-05-03,785.0,820.0,780.0,795.0,1200,0.0,0.0
2018-05-04,785.0,815.0,785.0,795.0,700,0.0,0.0
2018-05-07,805.0,840.0,790.0,800.0,1300,0.0,0.0
2018-05-08,825.0,825.0,785.0,810.0,1000,0.0,0.0
2018-05-09,870.0,935.0,815.0,860.0,7100,0.0,0.0
2018-05-10,800.0,860.0,790.0,815.0,1400,0.0,0.0
2018-05-11,835.0,835.0,800.0,810.0,900,0.0,0.0
2018-05-14,800.0,825.0,795.0,805.0,800,0.0,0.0
2018-05-15,790.0,805.0,775.0,780.0,1000,0.0,0.0
2018-05-16,780.0,785.0,755.0,770.0,1500,0.0,0.0
2018-05-17,775.0,805.0,775.0,800.0,1100,0.0,0.0
2018-05-18,800.0,800.0,765.0,780.0,900,0.0,0.0
2018-05-21,780.0,785.0,760.0,775.0,800,0.0,0.0
2018-05-22,770.0,775.0,750.0,765.0,800,0.0,0.0
2018-05-23,765.0,775.0,750.0,770.0,700,0.0,0.0
2018-05-24,765.0,775.0,760.0,765.0,400,0.0,0.0
2018-05-25,775.0,805.0,760.0,760.0,1900,0.0,0.0
2018-05-29,550.0,550.0,490.0,510.0,8100,0.0,0.0
2018-05-30,515.0,520.0,435.0,440.0,5000,0.0,0.0
2018-05-31,435.0,440.0,345.0,355.0,6200,0.0,0.0
2018-06-01,370.0,395.0,360.0,395.0,2900,0.0,0.0
2018-06-04,420.0,420.0,380.0,400.0,1800,0.0,0.0
2018-06-05,400.0,410.0,385.0,405.0,1500,0.0,0.0
2018-06-06,400.0,415.0,380.0,400.0,1500,0.0,0.0
2018-06-07,420.0,720.0,420.0,590.0,52200,0.0,0.0
2018-06-08,535.0,590.0,500.0,535.0,8500,0.0,0.0
2018-06-11,525.0,575.0,500.0,570.0,3500,0.0,0.0
2018-06-12,560.0,565.0,525.0,550.0,1700,0.0,0.0
2018-06-13,555.0,555.0,525.0,540.0,1300,0.0,0.0
2018-06-14,555.0,580.0,530.0,555.0,4900,0.0,0.0
2018-06-15,575.0,575.0,535.0,535.0,2100,0.0,0.0
2018-06-18,540.0,570.0,530.0,550.0,2300,0.0,0.0
2018-06-19,565.0,565.0,515.0,530.0,1400,0.0,0.0
2018-06-20,555.0,575.0,535.0,545.0,2800,0.0,0.0
2018-06-21,545.0,570.0,530.0,540.0,3700,0.0,0.0
2018-06-22,545.0,575.0,525.0,540.0,5000,0.0,0.0
2018-06-25,540.0,540.0,505.0,510.0,2200,0.0,0.0
2018-06-26,525.0,525.0,465.0,480.0,2400,0.0,0.0
2018-06-27,500.0,505.0,475.0,490.0,1300,0.0,0.0
2018-06-28,495.0,500.0,470.0,485.0,1100,0.0,0.0
2018-06-29,495.0,495.0,465.0,475.0,900,0.0,0.0
2018-07-02,495.0,500.0,475.0,475.0,900,0.0,0.0
2018-07-03,475.0,480.0,455.0,465.0,500,0.0,0.0
2018-07-05,460.0,465.0,425.0,450.0,1300,0.0,0.0
2018-07-06,505.0,555.0,500.0,515.0,10200,0.0,0.0
2018-07-09,515.0,530.0,475.0,500.0,3200,0.0,0.0
2018-07-10,510.0,510.0,480.0,490.0,1100,0.0,0.0
2018-07-11,490.0,490.0,470.0,485.0,800,0.0,0.0
2018-07-12,485.0,490.0,470.0,485.0,600,0.0,0.0
2018-07-13,475.0,485.0,465.0,480.0,800,0.0,0.0
2018-07-16,480.0,485.0,455.0,475.0,700,0.0,0.0
2018-07-17,470.0,475.0,460.0,465.0,700,0.0,0.0
2018-07-18,475.0,500.0,465.0,470.0,1100,0.0,0.0
2018-07-19,485.0,485.0,455.0,460.0,600,0.0,0.0
2018-07-20,460.0,470.0,430.0,440.0,1600,0.0,0.0
2018-07-23,450.0,450.0,435.0,435.0,600,0.0,0.0
2018-07-24,485.0,570.0,485.0,505.0,11800,0.0,0.0
2018-07-25,500.0,540.0,480.0,530.0,2600,0.0,0.0
2018-07-26,530.0,535.0,485.0,495.0,1500,0.0,0.0
2018-07-27,500.0,510.0,470.0,480.0,1600,0.0,0.0
2018-07-30,495.0,495.0,475.0,485.0,800,0.0,0.0
2018-07-31,485.0,505.0,465.0,485.0,1100,0.0,0.0
2018-08-01,480.0,490.0,470.0,485.0,700,0.0,0.0
2018-08-02,495.0,515.0,480.0,515.0,1900,0.0,0.0
2018-08-03,515.0,520.0,505.0,510.0,1200,0.0,0.0
2018-08-06,520.0,525.0,510.0,520.0,900,0.0,0.0
2018-08-07,515.0,525.0,510.0,515.0,900,0.0,0.0
2018-08-08,525.0,525.0,490.0,500.0,700,0.0,0.0
2018-08-09,510.0,525.0,485.0,490.0,1200,0.0,0.0
2018-08-10,500.0,500.0,480.0,490.0,700,0.0,0.0
2018-08-13,485.0,500.0,475.0,485.0,1000,0.0,0.0
2018-08-14,480.0,490.0,460.0,465.0,1200,0.0,0.0
2018-08-15,470.0,475.0,450.0,460.0,900,0.0,0.0
2018-08-16,460.0,475.0,450.0,455.0,600,0.0,0.0
2018-08-17,460.0,470.0,450.0,460.0,300,0.0,0.0
2018-08-20,470.0,470.0,450.0,460.0,1000,0.0,0.0
2018-08-21,475.0,480.0,465.0,470.0,700,0.0,0.0
2018-08-22,470.0,485.0,465.0,470.0,300,0.0,0.0
2018-08-23,470.0,470.0,455.0,465.0,300,0.0,0.0
2018-08-24,465.0,465.0,455.0,455.0,300,0.0,0.0
2018-08-27,455.0,460.0,455.0,455.0,500,0.0,0.0
2018-08-28,460.0,470.0,455.0,465.0,500,0.0,0.0
2018-08-29,455.0,460.0,455.0,460.0,400,0.0,0.0
2018-08-30,455.0,460.0,455.0,460.0,300,0.0,0.0
2018-08-31,460.0,470.0,455.0,470.0,300,0.0,0.0
2018-09-04,460.0,465.0,440.0,450.0,1100,0.0,0.0
2018-09-05,455.0,455.0,440.0,450.0,400,0.0,0.0
2018-09-06,450.0,460.0,450.0,450.0,200,0.0,0.0
2018-09-07,455.0,455.0,445.0,455.0,300,0.0,0.0
2018-09-10,455.0,460.0,445.0,450.0,300,0.0,0.0
2018-09-11,455.0,460.0,450.0,450.0,600,0.0,0.0
2018-09-12,455.0,455.0,450.0,455.0,200,0.0,0.0
2018-09-13,450.0,455.0,445.0,450.0,300,0.0,0.0
2018-09-14,460.0,460.0,445.0,450.0,200,0.0,0.0
2018-09-17,460.0,460.0,450.0,455.0,200,0.0,0.0
2018-09-18,455.0,465.0,455.0,460.0,400,0.0,0.0
2018-09-19,470.0,525.0,460.0,505.0,3000,0.0,0.0
2018-09-20,495.0,565.0,470.0,545.0,6200,0.0,0.0
2018-09-21,560.0,620.0,520.0,595.0,4800,0.0,0.0
2018-09-24,590.0,595.0,530.0,560.0,2400,0.0,0.0
2018-09-25,585.0,660.0,525.0,595.0,5600,0.0,0.0
2018-09-26,635.0,640.0,555.0,555.0,2700,0.0,0.0
2018-09-27,565.0,600.0,540.0,590.0,1600,0.0,0.0
2018-09-28,575.0,625.0,575.0,585.0,1800,0.0,0.0
2018-10-01,605.0,610.0,580.0,590.0,900,0.0,0.0
2018-10-02,595.0,595.0,530.0,535.0,1100,0.0,0.0
2018-10-03,555.0,585.0,535.0,580.0,800,0.0,0.0
2018-10-04,580.0,610.0,560.0,580.0,1800,0.0,0.0
2018-10-05,590.0,590.0,545.0,575.0,700,0.0,0.0
2018-10-08,570.0,585.0,550.0,555.0,500,0.0,0.0
2018-10-09,560.0,570.0,535.0,550.0,500,0.0,0.0
2018-10-10,550.0,555.0,475.0,495.0,1200,0.0,0.0
2018-10-11,510.0,510.0,475.0,480.0,600,0.0,0.0
2018-10-12,495.0,520.0,490.0,520.0,1000,0.0,0.0
2018-10-15,520.0,645.0,495.0,585.0,4800,0.0,0.0
2018-10-16,580.0,590.0,540.0,555.0,1500,0.0,0.0
2018-10-17,545.0,570.0,540.0,565.0,600,0.0,0.0
2018-10-18,565.0,625.0,560.0,595.0,2100,0.0,0.0
2018-10-19,620.0,690.0,605.0,635.0,5000,0.0,0.0
2018-10-22,920.0,1350.0,885.0,985.0,103800,0.0,0.0
2018-10-23,840.0,915.0,755.0,855.0,12500,0.0,0.0
2018-10-24,770.0,865.0,735.0,770.0,10000,0.0,0.0
2018-10-25,800.0,845.0,770.0,815.0,5000,0.0,0.0
2018-10-26,800.0,870.0,765.0,830.0,6000,0.0,0.0
2018-10-29,965.0,1070.0,875.0,925.0,21700,0.0,0.0
2018-10-30,935.0,990.0,900.0,935.0,7600,0.0,0.0
2018-10-31,960.0,1060.0,940.0,1050.0,9700,0.0,0.0
2018-11-01,1100.0,1180.0,1000.0,1025.0,19700,0.0,0.0
2018-11-02,990.0,1025.0,885.0,1010.0,7900,0.0,0.0
2018-11-05,975.0,990.0,820.0,855.0,5900,0.0,0.0
2018-11-06,970.0,980.0,855.0,905.0,7300,0.0,0.0
2018-11-07,870.0,875.0,810.0,835.0,4500,0.0,0.0
2018-11-08,775.0,775.0,690.0,720.0,6100,0.0,0.0
2018-11-09,720.0,815.0,710.0,810.0,4100,0.0,0.0
2018-11-12,795.0,800.0,725.0,740.0,3900,0.0,0.0
2018-11-13,825.0,835.0,755.0,785.0,6300,0.0,0.0
2018-11-14,760.0,765.0,690.0,715.0,3900,0.0,0.0
2018-11-15,690.0,710.0,610.0,690.0,2200,0.0,0.0
2018-11-16,650.0,690.0,650.0,650.0,1300,0.0,0.0
2018-11-19,640.0,700.0,625.0,655.0,2400,0.0,0.0
2018-11-20,640.0,680.0,605.0,645.0,2800,0.0,0.0
2018-11-21,630.0,650.0,610.0,620.0,2000,0.0,0.0
2018-11-23,605.0,610.0,560.0,570.0,1900,0.0,0.0
2018-11-26,555.0,580.0,535.0,550.0,2200,0.0,0.0
2018-11-27,540.0,585.0,530.0,575.0,1400,0.0,0.0
2018-11-28,575.0,595.0,550.0,590.0,1100,0.0,0.0
2018-11-29,560.0,590.0,560.0,585.0,500,0.0,0.0
2018-11-30,575.0,575.0,545.0,555.0,1200,0.0,0.0
2018-12-03,550.0,565.0,540.0,550.0,1300,0.0,0.0
2018-12-04,540.0,540.0,495.0,520.0,2700,0.0,0.0
2018-12-06,500.0,500.0,460.0,490.0,1900,0.0,0.0
2018-12-07,475.0,540.0,475.0,525.0,1800,0.0,0.0
2018-12-10,540.0,540.0,490.0,500.0,800,0.0,0.0
2018-12-11,500.0,575.0,495.0,535.0,3000,0.0,0.0
2018-12-12,525.0,540.0,510.0,530.0,800,0.0,0.0
2018-12-13,525.0,535.0,500.0,505.0,700,0.0,0.0
2018-12-14,510.0,525.0,500.0,515.0,500,0.0,0.0
2018-12-17,510.0,520.0,460.0,480.0,1200,0.0,0.0
2018-12-18,480.0,500.0,455.0,465.0,700,0.0,0.0
2018-12-19,475.0,490.0,460.0,470.0,500,0.0,0.0
2018-12-20,465.0,475.0,410.0,445.0,1000,0.0,0.0
2018-12-21,450.0,450.0,375.0,390.0,1600,0.0,0.0
2018-12-24,400.0,420.0,370.0,370.0,800,0.0,0.0
2018-12-26,385.0,405.0,380.0,405.0,800,0.0,0.0
2018-12-27,405.0,450.0,405.0,435.0,1100,0.0,0.0
2018-12-28,450.0,450.0,425.0,425.0,900,0.0,0.0
2018-12-31,450.0,450.0,405.0,410.0,600,0.0,0.0
2019-01-02,375.0,440.0,375.0,435.0,700,0.0,0.0
2019-01-03,435.0,440.0,400.0,405.0,1200,0.0,0.0
2019-01-04,415.0,435.0,395.0,430.0,900,0.0,0.0
2019-01-07,435.0,495.0,420.0,490.0,2100,0.0,0.0
2019-01-08,575.0,625.0,520.0,550.0,12300,0.0,0.0
2019-01-09,540.0,545.0,480.0,520.0,3400,0.0,0.0
2019-01-10,555.0,555.0,515.0,530.0,2100,0.0,0.0
2019-01-11,495.0,545.0,480.0,530.0,2100,0.0,0.0
2019-01-14,505.0,520.0,495.0,520.0,1000,0.0,0.0
2019-01-15,485.0,510.0,485.0,505.0,800,0.0,0.0
2019-01-16,505.0,525.0,485.0,515.0,1700,0.0,0.0
2019-01-17,520.0,555.0,505.0,535.0,2200,0.0,0.0
2019-01-18,535.0,540.0,515.0,530.0,1000,0.0,0.0
2019-01-22,540.0,540.0,520.0,520.0,1200,0.0,0.0
2019-01-23,515.0,530.0,495.0,505.0,1000,0.0,0.0
2019-01-24,505.0,520.0,495.0,500.0,600,0.0,0.0
2019-01-25,500.0,505.0,490.0,495.0,800,0.0,0.0
2019-01-28,510.0,510.0,485.0,490.0,800,0.0,0.0
2019-01-29,480.0,490.0,455.0,465.0,1500,0.0,0.0
2019-01-30,480.0,490.0,460.0,470.0,600,0.0,0.0
2019-01-31,470.0,480.0,460.0,465.0,600,0.0,0.0
2019-02-01,475.0,485.0,460.0,475.0,700,0.0,0.0
2019-02-04,470.0,485.0,465.0,470.0,700,0.0,0.0
2019-02-05,470.0,480.0,465.0,465.0,800,0.0,0.0
2019-02-06,465.0,465.0,420.0,440.0,2700,0.0,0.0
2019-02-07,440.0,440.0,415.0,425.0,1300,0.0,0.0
2019-02-08,420.0,420.0,385.0,390.0,2700,0.0,0.0
2019-02-11,405.0,425.0,380.0,420.0,1800,0.0,0.0
2019-02-12,420.0,430.0,410.0,420.0,1400,0.0,0.0
2019-02-13,420.0,430.0,410.0,430.0,800,0.0,0.0
2019-02-14,430.0,435.0,425.0,430.0,800,0.0,0.0
2019-02-15,430.0,445.0,420.0,430.0,1200,0.0,0.0
2019-02-19,430.0,440.0,425.0,440.0,800,0.0,0.0
2019-02-20,430.0,440.0,430.0,440.0,500,0.0,0.0
2019-02-21,445.0,470.0,440.0,440.0,2100,0.0,0.0
2019-02-22,445.0,460.0,430.0,430.0,600,0.0,0.0
2019-02-25,440.0,450.0,425.0,430.0,1000,0.0,0.0
2019-02-26,425.0,445.0,405.0,415.0,1100,0.0,0.0
2019-02-27,415.0,420.0,400.0,415.0,900,0.0,0.0
2019-02-28,415.0,415.0,400.0,415.0,600,0.0,0.0
2019-03-01,410.0,425.0,405.0,425.0,700,0.0,0.0
2019-03-04,415.0,425.0,415.0,420.0,700,0.0,0.0
2019-03-05,425.0,425.0,415.0,415.0,400,0.0,0.0
2019-03-06,415.0,415.0,400.0,405.0,700,0.0,0.0
2019-03-07,400.0,440.0,400.0,420.0,2000,0.0,0.0
2019-03-08,420.0,460.0,405.0,445.0,6400,0.0,0.0
2019-03-11,480.0,480.0,450.0,460.0,5600,0.0,0.0
2019-03-12,470.0,470.0,415.0,450.0,2200,0.0,0.0
2019-03-13,435.0,445.0,425.0,430.0,1200,0.0,0.0
2019-03-14,430.0,435.0,410.0,420.0,900,0.0,0.0
2019-03-15,425.0,425.0,405.0,415.0,1200,0.0,0.0
2019-03-18,415.0,425.0,405.0,410.0,900,0.0,0.0
2019-03-19,410.0,420.0,405.0,410.0,700,0.0,0.0
2019-03-20,415.0,415.0,405.0,410.0,700,0.0,0.0
2019-03-21,420.0,470.0,410.0,460.0,6200,0.0,0.0
2019-03-22,460.0,470.0,420.0,425.0,4400,0.0,0.0
2019-03-25,430.0,460.0,420.0,430.0,2100,0.0,0.0
2019-03-26,425.0,445.0,420.0,420.0,1800,0.0,0.0
2019-03-27,435.0,445.0,420.0,435.0,1500,0.0,0.0
2019-03-28,410.0,425.0,380.0,410.0,3200,0.0,0.0
2019-03-29,405.0,415.0,390.0,410.0,2000,0.0,0.0
2019-04-01,400.0,410.0,400.0,410.0,1100,0.0,0.0
2019-04-02,415.0,420.0,400.0,405.0,3200,0.0,0.0
2019-04-03,405.0,410.0,390.0,395.0,1700,0.0,0.0
2019-04-04,400.0,400.0,385.0,395.0,900,0.0,0.0
2019-04-05,395.0,400.0,390.0,395.0,1100,0.0,0.0
2019-04-08,400.0,400.0,385.0,390.0,900,0.0,0.0
2019-04-09,390.0,415.0,390.0,400.0,2100,0.0,0.0
2019-04-10,405.0,405.0,390.0,400.0,1300,0.0,0.0
2019-04-11,400.0,405.0,385.0,390.0,1400,0.0,0.0
2019-04-12,390.0,400.0,385.0,385.0,1000,0.0,0.0
2019-04-15,385.0,395.0,375.0,380.0,800,0.0,0.0
2019-04-16,380.0,385.0,365.0,370.0,1000,0.0,0.0
2019-04-17,370.0,375.0,360.0,360.0,900,0.0,0.0
2019-04-18,370.0,370.0,350.0,355.0,900,0.0,0.0
2019-04-22,370.0,375.0,360.0,360.0,800,0.0,0.0
2019-04-23,360.0,370.0,350.0,360.0,1000,0.0,0.0
2019-04-24,365.0,370.0,355.0,365.0,800,0.0,0.0
2019-04-25,375.0,375.0,355.0,360.0,700,0.0,0.0
2019-04-26,360.0,360.0,345.0,350.0,1200,0.0,0.0
2019-04-29,350.0,365.0,335.0,365.0,2600,0.0,0.0
2019-04-30,365.0,365.0,345.0,345.0,900,0.0,0.0
2019-05-01,355.0,355.0,335.0,340.0,800,0.0,0.0
2019-05-02,345.0,345.0,335.0,340.0,700,0.0,0.0
2019-05-03,335.0,365.0,335.0,360.0,1600,0.0,0.0
2019-05-06,360.0,370.0,345.0,355.0,700,0.0,0.0
2019-05-07,360.0,360.0,345.0,345.0,700,0.0,0.0
2019-05-08,355.0,355.0,345.0,345.0,500,0.0,0.0
2019-05-09,355.0,355.0,345.0,350.0,600,0.0,0.0
2019-05-10,345.0,360.0,345.0,345.0,600,0.0,0.0
2019-05-13,345.0,350.0,335.0,340.0,600,0.0,0.0
2019-05-14,340.0,340.0,335.0,335.0,900,0.0,0.0
2019-05-15,340.0,340.0,330.0,335.0,900,0.0,0.0
2019-05-16,335.0,350.0,330.0,335.0,1800,0.0,0.0
2019-05-17,335.0,335.0,320.0,325.0,1400,0.0,0.0
2019-05-20,310.0,320.0,305.0,310.0,600,0.0,0.0
2019-05-21,310.0,335.0,305.0,320.0,700,0.0,0.0
2019-05-22,330.0,330.0,315.0,320.0,400,0.0,0.0
2019-05-23,315.0,315.0,300.0,305.0,600,0.0,0.0
2019-05-24,315.0,315.0,290.0,300.0,900,0.0,0.0
2019-05-28,305.0,305.0,290.0,300.0,500,0.0,0.0
2019-05-29,300.0,300.0,285.0,295.0,500,0.0,0.0
2019-05-30,285.0,285.0,275.0,280.0,700,0.0,0.0
2019-05-31,275.0,280.0,260.0,265.0,1400,0.0,0.0
2019-06-03,265.0,275.0,260.0,270.0,200,0.0,0.0
2019-06-04,270.0,290.0,265.0,280.0,1300,0.0,0.0
2019-06-05,280.0,280.0,255.0,260.0,700,0.0,0.0
2019-06-06,250.0,265.0,240.0,240.0,1000,0.0,0.0
2019-06-07,245.0,255.0,240.0,245.0,400,0.0,0.0
2019-06-10,250.0,250.0,240.0,240.0,700,0.0,0.0
2019-06-11,240.0,245.0,235.0,240.0,700,0.0,0.0
2019-06-12,245.0,245.0,225.0,230.0,900,0.0,0.0
2019-06-13,250.0,285.0,235.0,260.0,4300,0.0,0.0
2019-06-14,260.0,260.0,235.0,240.0,800,0.0,0.0
2019-06-17,250.0,250.0,230.0,235.0,300,0.0,0.0
2019-06-18,240.0,240.0,230.0,230.0,700,0.0,0.0
2019-06-19,230.0,235.0,215.0,230.0,600,0.0,0.0
2019-06-20,230.0,240.0,225.0,230.0,800,0.0,0.0
2019-06-21,230.0,235.0,220.0,230.0,600,0.0,0.0
2019-06-24,240.0,240.0,220.0,220.0,400,0.0,0.0
2019-06-25,220.0,230.0,220.0,225.0,600,0.0,0.0
2019-06-26,225.0,230.0,220.0,225.0,400,0.0,0.0
2019-06-27,225.0,225.0,215.0,220.0,600,0.0,0.0
2019-07-01,225.0,230.0,225.0,225.0,400,0.0,0.0
2019-07-02,225.0,230.0,215.0,215.0,500,0.0,0.0
2019-07-03,225.0,230.0,215.0,220.0,200,0.0,0.0
2019-07-05,225.0,235.0,220.0,225.0,800,0.0,0.0
2019-07-08,230.0,235.0,225.0,230.0,400,0.0,0.0
2019-07-09,225.0,340.0,215.0,325.0,9600,0.0,0.0
2019-07-10,300.0,300.0,250.0,260.0,4500,0.0,0.0
2019-07-11,265.0,270.0,250.0,255.0,1600,0.0,0.0
2019-07-12,245.0,250.0,240.0,240.0,1000,0.0,0.0
2019-07-15,250.0,250.0,230.0,245.0,1100,0.0,0.0
2019-07-16,245.0,250.0,235.0,245.0,700,0.0,0.0
2019-07-17,255.0,280.0,235.0,250.0,4700,0.0,0.0
2019-07-18,235.0,250.0,230.0,235.0,1400,0.0,0.0
2019-07-19,235.0,240.0,230.0,235.0,600,0.0,0.0
2019-07-22,225.0,240.0,220.0,235.0,2100,0.0,0.0
2019-07-23,235.0,240.0,230.0,235.0,700,0.0,0.0
2019-07-24,225.0,235.0,225.0,230.0,400,0.0,0.0
2019-07-25,230.0,235.0,225.0,230.0,600,0.0,0.0
2019-07-26,230.0,230.0,220.0,225.0,1600,0.0,0.0
2019-07-29,200.0,200.0,180.0,200.0,4000,0.0,0.0
2019-07-30,195.0,200.0,185.0,185.0,1300,0.0,0.0
2019-07-31,185.0,190.0,185.0,185.0,800,0.0,0.0
2019-08-01,190.0,195.0,185.0,185.0,700,0.0,0.0
2019-08-02,190.0,190.0,170.0,175.0,1000,0.0,0.0
2019-08-05,185.0,185.0,165.0,170.0,700,0.0,0.0
2019-08-06,170.0,190.0,170.0,180.0,1700,0.0,0.0
2019-08-07,180.0,180.0,170.0,175.0,400,0.0,0.0
2019-08-08,175.0,185.0,170.0,180.0,800,0.0,0.0
2019-08-09,170.0,185.0,170.0,175.0,300,0.0,0.0
2019-08-12,175.0,185.0,175.0,175.0,300,0.0,0.0
2019-08-13,180.0,180.0,175.0,175.0,500,0.0,0.0
2019-08-14,180.0,180.0,165.0,175.0,600,0.0,0.0
2019-08-15,160.0,175.0,150.0,160.0,1700,0.0,0.0
2019-08-16,155.0,165.0,155.0,165.0,700,0.0,0.0
2019-08-19,180.0,210.0,165.0,195.0,4100,0.0,0.0
2019-08-20,195.0,205.0,185.0,185.0,1900,0.0,0.0
2019-08-21,190.0,190.0,165.0,175.0,3000,0.0,0.0
2019-08-22,146.5,194.0,135.0,160.0,21800,0.0,0.05
2019-08-23,145.5,156.25,141.0,147.25,6900,0.0,0.0
2019-08-26,144.25,155.75,143.75,154.0,5800,0.0,0.0
2019-08-27,155.75,160.25,143.75,145.25,3600,0.0,0.0
2019-08-28,146.75,206.25,143.75,170.25,26400,0.0,0.0
2019-08-29,169.5,175.25,160.75,171.25,5100,0.0,0.0
2019-08-30,169.75,183.5,165.75,170.5,3400,0.0,0.0
2019-09-03,175.25,175.25,164.25,166.5,8000,0.0,0.0
2019-09-04,212.5,229.5,183.0,190.75,116800,0.0,0.0
2019-09-05,180.0,184.5,167.75,180.0,13000,0.0,0.0
2019-09-06,171.5,187.5,171.25,184.75,4200,0.0,0.0
2019-09-09,184.0,242.75,178.75,218.5,28500,0.0,0.0
2019-09-10,217.0,230.25,200.25,207.5,14100,0.0,0.0
2019-09-11,123.75,125.0,106.25,108.25,94100,0.0,0.0
2019-09-12,100.0,100.0,91.75,95.25,35500,0.0,0.0
2019-09-13,96.75,97.0,91.25,95.5,11800,0.0,0.0
2019-09-16,97.5,99.75,93.25,94.75,20600,0.0,0.0
2019-09-17,97.75,97.75,82.25,82.5,38100,0.0,0.0
2019-09-18,82.25,83.25,70.25,78.0,38800,0.0,0.0
2019-09-19,77.0,80.5,67.5,79.25,11700,0.0,0.0
2019-09-20,77.75,82.0,77.5,80.0,7000,0.0,0.0
2019-09-23,80.0,83.75,76.25,78.0,9300,0.0,0.0
2019-09-24,76.25,76.5,72.0,73.5,10400,0.0,0.0
2019-09-25,72.75,79.0,71.5,74.75,9800,0.0,0.0
2019-09-26,75.0,77.0,71.5,73.0,10800,0.0,0.0
2019-09-27,73.0,76.75,69.75,71.0,9900,0.0,0.0
2019-09-30,70.25,71.25,67.5,70.0,6400,0.0,0.0
2019-10-01,70.5,74.5,68.75,72.25,10900,0.0,0.0
2019-10-02,71.0,74.0,68.25,71.5,8100,0.0,0.0
2019-10-03,70.5,74.5,70.0,74.0,16800,0.0,0.0
2019-10-04,73.0,80.75,73.0,79.0,25300,0.0,0.0
2019-10-07,77.25,80.75,75.75,76.0,9000,0.0,0.0
2019-10-08,75.5,80.0,75.0,75.75,11700,0.0,0.0
2019-10-09,77.0,88.0,77.0,83.25,46700,0.0,0.0
2019-10-10,83.25,86.75,79.0,80.0,32000,0.0,0.0
2019-10-11,83.0,85.75,80.5,82.25,19900,0.0,0.0
2019-10-14,83.25,107.25,82.75,101.5,96500,0.0,0.0
2019-10-15,101.0,101.0,91.75,99.5,35600,0.0,0.0
2019-10-16,95.75,105.0,94.25,104.5,22200,0.0,0.0
2019-10-17,105.0,120.0,99.5,114.75,50300,0.0,0.0
2019-10-18,111.5,116.25,108.0,109.25,18300,0.0,0.0
2019-10-21,107.75,112.25,103.0,105.75,14800,0.0,0.0
2019-10-22,88.5,97.0,82.5,86.0,32900,0.0,0.0
2019-10-23,87.5,91.0,82.5,85.5,17800,0.0,0.0
2019-10-24,84.5,85.75,77.0,77.0,20000,0.0,0.0
2019-10-25,77.0,79.75,74.5,75.75,16200,0.0,0.0
2019-10-28,74.75,83.5,73.0,81.25,27000,0.0,0.0
2019-10-29,86.0,88.25,78.75,81.5,28800,0.0,0.0
2019-10-30,80.25,81.5,76.75,76.75,13000,0.0,0.0
2019-10-31,77.5,81.25,74.75,80.0,17400,0.0,0.0
2019-11-01,80.75,84.0,77.5,81.0,20100,0.0,0.0
2019-11-04,80.5,85.0,80.0,81.0,16200,0.0,0.0
2019-11-05,75.0,78.75,71.0,73.25,37000,0.0,0.0
2019-11-06,72.25,74.25,70.25,71.0,12300,0.0,0.0
2019-11-07,37.0,37.5,29.5,30.75,193500,0.0,0.0
2019-11-08,31.25,31.25,26.0,26.5,67700,0.0,0.0
2019-11-11,26.75,28.0,23.0,25.25,61900,0.0,0.0
2019-11-12,25.75,25.75,23.5,23.75,18500,0.0,0.0
2019-11-13,26.0,26.0,21.75,23.75,30200,0.0,0.0
2019-11-14,24.0,24.0,22.25,23.25,14200,0.0,0.0
2019-11-15,23.25,23.25,20.5,21.0,37400,0.0,0.0
2019-11-18,20.25,20.25,17.25,18.0,38300,0.0,0.0
2019-11-19,18.0,19.0,17.0,18.75,19800,0.0,0.0
2019-11-20,18.5,18.75,17.0,17.0,25800,0.0,0.0
2019-11-21,17.0,17.75,16.75,16.75,22000,0.0,0.0
2019-11-22,18.5,18.75,15.75,16.25,56700,0.0,0.0
2019-11-25,16.25,18.5,15.25,17.25,39800,0.0,0.0
2019-11-26,17.75,18.25,16.25,17.25,12500,0.0,0.0
2019-11-27,17.5,18.5,16.75,18.25,15300,0.0,0.0
2019-11-29,18.0,19.5,18.0,19.25,11700,0.0,0.0
2019-12-02,19.25,21.5,19.25,20.25,27000,0.0,0.0
2019-12-03,20.5,20.75,18.0,19.5,8600,0.0,0.0
2019-12-04,19.5,19.75,17.0,19.5,9200,0.0,0.0
2019-12-05,18.75,19.5,18.25,19.25,3500,0.0,0.0
2019-12-06,19.25,19.5,18.5,19.0,5000,0.0,0.0
2019-12-09,19.0,19.0,17.75,18.5,7000,0.0,0.0
2019-12-10,18.0,18.75,18.0,18.25,6500,0.0,0.0
2019-12-11,18.25,19.0,18.0,18.75,6500,0.0,0.0
2019-12-12,18.5,27.75,18.25,23.25,134100,0.0,0.0
2019-12-13,21.25,23.5,20.0,22.75,25400,0.0,0.0
2019-12-16,22.0,22.75,20.5,21.0,9600,0.0,0.0
2019-12-17,22.0,22.0,20.5,21.75,7900,0.0,0.0
2019-12-18,21.75,23.75,20.75,22.0,13200,0.0,0.0
2019-12-19,23.5,24.5,21.25,23.75,21600,0.0,0.0
2019-12-20,23.75,23.75,22.25,22.5,9500,0.0,0.0
2019-12-23,22.5,22.75,20.5,21.0,20700,0.0,0.0
2019-12-24,21.75,21.75,20.5,21.25,8700,0.0,0.0
2019-12-26,20.75,21.0,20.0,20.75,8100,0.0,0.0
2019-12-27,21.25,21.5,20.0,21.25,16100,0.0,0.0
2019-12-30,21.25,21.25,20.0,20.5,19700,0.0,0.0
2019-12-31,21.0,21.0,19.0,20.0,24700,0.0,0.0
2020-01-02,19.25,20.25,19.0,19.75,7800,0.0,0.0
2020-01-03,19.75,24.5,19.75,24.0,52900,0.0,0.0
2020-01-06,26.5,28.75,23.75,23.75,50800,0.0,0.0
2020-01-07,23.0,24.0,22.5,23.25,16300,0.0,0.0
2020-01-08,23.75,23.75,21.5,22.0,10200,0.0,0.0
2020-01-09,22.5,24.5,22.5,22.75,8300,0.0,0.0
2020-01-10,23.25,23.25,22.25,22.75,8400,0.0,0.0
2020-01-13,22.75,23.5,21.25,21.25,10300,0.0,0.0
2020-01-14,21.5,21.5,20.5,21.5,9400,0.0,0.0
2020-01-15,21.0,22.25,20.25,22.25,10000,0.0,0.0
2020-01-16,21.75,24.0,21.0,23.75,21700,0.0,0.0
2020-01-17,23.25,24.5,22.5,23.75,14600,0.0,0.0
2020-01-21,23.75,24.5,22.0,22.5,10300,0.0,0.0
2020-01-22,20.5,21.0,19.75,20.25,27800,0.0,0.0
2020-01-23,20.0,20.25,18.5,18.75,32800,0.0,0.0
2020-01-24,19.25,19.25,16.75,17.0,26200,0.0,0.0
2020-01-27,17.5,17.5,16.5,16.75,13000,0.0,0.0
2020-01-28,16.5,17.5,16.25,16.75,10700,0.0,0.0
2020-01-29,16.75,18.75,16.5,17.75,23000,0.0,0.0
2020-01-30,18.0,18.25,17.0,17.0,5400,0.0,0.0
2020-01-31,17.5,17.5,16.25,16.75,10500,0.0,0.0
2020-02-03,17.0,18.0,16.75,17.0,9800,0.0,0.0
2020-02-04,16.75,17.5,16.75,17.5,4800,0.0,0.0
2020-02-05,17.5,17.5,17.0,17.5,4500,0.0,0.0
2020-02-06,17.25,18.75,17.0,17.5,14400,0.0,0.0
2020-02-07,17.0,17.5,16.75,17.25,6000,0.0,0.0
2020-02-10,17.0,17.0,16.75,16.75,7200,0.0,0.0
2020-02-11,17.0,17.25,16.5,16.75,3200,0.0,0.0
2020-02-12,16.25,19.25,15.25,16.25,35000,0.0,0.0
2020-02-13,17.0,17.0,15.75,16.0,15200,0.0,0.0
2020-02-14,16.0,16.25,15.75,16.0,13900,0.0,0.0
2020-02-18,16.5,16.5,15.5,15.75,13500,0.0,0.0
2020-02-19,15.75,16.0,14.5,14.75,25000,0.0,0.0
2020-02-20,14.75,14.75,13.5,14.25,17300,0.0,0.0
2020-02-21,15.0,16.0,12.0,12.5,83200,0.0,0.0
2020-02-24,12.0,12.0,10.75,11.25,22100,0.0,0.0
2020-02-25,12.0,12.0,10.0,10.0,40800,0.0,0.0
2020-02-26,10.25,10.5,8.5,9.0,69400,0.0,0.0
2020-02-27,8.5,8.5,7.5,8.0,58100,0.0,0.0
2020-02-28,7.75,8.25,7.25,8.25,49100,0.0,0.0
2020-03-02,9.0,9.0,6.75,6.75,60500,0.0,0.0
2020-03-03,7.5,8.75,6.75,6.75,256500,0.0,0.0
2020-03-04,7.5,9.25,6.25,6.5,1189000,0.0,0.0
2020-03-05,6.0,6.25,5.25,6.0,221800,0.0,0.0
2020-03-06,5.25,6.0,5.0,5.5,129400,0.0,0.0
2020-03-09,4.75,4.75,4.25,4.5,115200,0.0,0.0
2020-03-10,5.5,5.5,4.5,5.25,109100,0.0,0.0
2020-03-11,5.25,5.75,4.75,5.0,96100,0.0,0.0
2020-03-12,4.0,4.0,2.75,3.5,135000,0.0,0.0
2020-03-13,4.0,4.75,3.0,3.0,304200,0.0,0.0
2020-03-16,3.25,3.25,2.25,2.75,176500,0.0,0.0
2020-03-17,3.25,3.5,2.5,2.5,411100,0.0,0.0
2020-03-18,2.0,2.5,2.0,2.25,201800,0.0,0.0
2020-03-19,2.25,2.5,2.0,2.25,218200,0.0,0.0
2020-03-20,2.75,2.75,2.25,2.5,510200,0.0,0.0
2020-03-23,2.5,2.5,2.25,2.5,305500,0.0,0.0
2020-03-24,2.5,2.5,2.0,2.25,379200,0.0,0.0
2020-03-25,2.25,2.75,2.25,2.25,1139000,0.0,0.0
2020-03-26,2.25,2.5,2.0,2.0,1369900,0.0,0.0
2020-03-27,2.25,8.0,2.0,5.75,14558700,0.0,0.0
2020-03-30,9.5,15.5,9.0,13.5,13051800,0.0,0.0
2020-03-31,6.0,9.0,5.5,6.25,7860600,0.0,0.0
2020-04-01,6.0,7.25,5.0,5.75,2952600,0.0,0.0
2020-04-02,6.25,6.75,5.0,5.5,1791500,0.0,0.0
2020-04-03,5.75,5.75,4.0,4.75,37087300,0.0,0.0
2020-04-06,5.0,6.5,4.5,6.0,110401300,0.0,0.0
2020-04-07,9.75,10.0,7.0,8.25,159412300,0.0,0.0
2020-04-08,7.25,8.0,6.75,7.75,48018100,0.0,0.0
2020-04-09,7.5,8.25,7.0,7.25,36214000,0.0,0.0
2020-04-13,7.5,7.5,6.5,6.75,23601100,0.0,0.0
2020-04-14,6.75,7.25,5.75,7.0,31435000,0.0,0.0
2020-04-15,5.0,5.75,4.75,5.75,102958500,0.0,0.0
2020-04-16,5.25,5.5,5.0,5.25,29504500,0.0,0.0
2020-04-17,5.5,6.5,5.5,5.75,45000300,0.0,0.0
2020-04-20,6.5,7.5,5.75,7.0,146958700,0.0,0.0
2020-04-21,7.75,8.5,7.0,7.25,125459700,0.0,0.0
2020-04-22,7.25,7.25,6.25,6.5,43048500,0.0,0.0
2020-04-23,6.0,7.0,5.75,6.5,62080500,0.0,0.0
2020-04-24,7.25,7.25,6.5,6.5,44006800,0.0,0.0
2020-04-27,6.75,7.0,6.25,6.5,29860100,0.0,0.0
2020-04-28,5.75,6.25,5.5,6.0,101860200,0.0,0.0
2020-04-29,5.75,5.75,5.5,5.5,80311200,0.0,0.0
2020-04-30,5.5,5.75,5.5,5.75,40859500,0.0,0.0
2020-05-01,5.5,5.5,5.25,5.25,22283900,0.0,0.0
2020-05-04,5.5,5.5,5.25,5.5,18112500,0.0,0.0
2020-05-05,5.25,5.5,5.0,5.0,28189900,0.0,0.0
2020-05-06,5.0,5.25,4.75,4.75,23067800,0.0,0.0
2020-05-07,5.0,5.5,4.75,5.0,27913800,0.0,0.0
2020-05-08,5.25,5.5,5.25,5.25,34952700,0.0,0.0
2020-05-11,5.75,5.75,5.25,5.25,31981400,0.0,0.0
2020-05-12,5.25,5.25,5.0,5.0,22041600,0.0,0.0
2020-05-13,5.0,5.0,4.75,4.75,20339400,0.0,0.0
2020-05-14,5.0,5.0,4.5,4.75,18091400,0.0,0.0
2020-05-15,3.75,4.0,3.5,3.5,121809900,0.0,0.0
2020-05-18,3.75,4.0,3.75,3.75,53309900,0.0,0.0
2020-05-19,4.0,4.5,3.5,3.75,152029600,0.0,0.0
2020-05-20,3.75,3.75,3.5,3.75,40178600,0.0,0.0
2020-05-21,3.75,3.75,3.5,3.5,30159000,0.0,0.0
2020-05-22,3.75,3.75,3.5,3.5,25209500,0.0,0.0
2020-05-26,3.75,3.75,3.25,3.5,40961400,0.0,0.0
2020-05-27,3.5,3.5,3.25,3.5,26944500,0.0,0.0
2020-05-28,3.5,3.5,3.25,3.25,25056700,0.0,0.0
2020-05-29,3.25,3.25,3.0,3.25,31154400,0.0,0.0
2020-06-01,3.5,3.5,3.25,3.25,21688600,0.0,0.0
2020-06-02,3.25,3.25,3.25,3.25,19131400,0.0,0.0
2020-06-03,3.25,3.25,3.25,3.25,22855900,0.0,0.0
2020-06-04,3.25,4.0,3.0,3.75,114621200,0.0,0.0
2020-06-05,5.5,7.5,4.75,5.75,445980400,0.0,0.0
2020-06-08,4.0,6.25,3.75,5.25,656504200,0.0,0.0
2020-06-09,5.25,5.75,4.75,5.0,176369000,0.0,0.0
2020-06-10,5.25,5.25,4.25,4.5,115155200,0.0,0.0
2020-06-11,3.75,4.0,3.5,3.5,246200300,0.0,0.0
2020-06-12,4.0,4.25,3.75,4.0,133661600,0.0,0.0
2020-06-15,3.75,3.75,3.5,3.75,158010700,0.0,0.0
2020-06-16,4.0,4.0,3.75,3.75,107244800,0.0,0.0
2020-06-17,3.75,4.0,3.5,3.75,75106800,0.0,0.0
2020-06-18,3.75,4.0,3.5,3.75,80483800,0.0,0.0
2020-06-19,4.0,4.0,1.75,3.75,73742500,0.0,0.0
2020-06-22,3.75,3.75,3.5,3.75,54922200,0.0,0.0
2020-06-23,3.75,4.75,3.75,4.25,382329800,0.0,0.0
2020-06-24,3.5,3.75,3.5,3.5,353948900,0.0,0.0
2020-06-25,3.5,3.75,3.5,3.5,129980000,0.0,0.0
2020-06-26,3.5,3.5,3.25,3.25,153664100,0.0,0.0
2020-06-29,3.5,3.5,3.25,3.5,67520200,0.0,0.0
2020-06-30,3.5,3.5,3.25,3.5,69135900,0.0,0.0
2020-07-01,3.5,3.5,3.25,3.5,55620100,0.0,0.0
2020-07-02,3.25,3.5,3.25,3.25,57276100,0.0,0.0
2020-07-06,3.25,3.5,3.25,3.25,57545600,0.0,0.0
2020-07-07,2.75,2.75,2.5,2.75,297951800,0.0,0.0
2020-07-08,2.75,3.0,2.75,2.75,145854400,0.0,0.0
2020-07-09,2.75,3.0,2.75,2.75,79979700,0.0,0.0
2020-07-10,2.75,3.0,2.75,2.75,113714200,0.0,0.0
2020-07-13,2.75,2.75,2.5,2.75,86579900,0.0,0.0
2020-07-14,2.75,2.75,2.5,2.5,68314500,0.0,0.0
2020-07-15,2.75,2.75,2.5,2.75,68083300,0.0,0.0
2020-07-16,2.75,2.75,2.5,2.75,64745800,0.0,0.0
2020-07-17,2.75,3.0,2.75,2.75,98891300,0.0,0.0
2020-07-20,2.75,2.75,2.75,2.75,60804000,0.0,0.0
2020-07-21,2.75,3.0,2.75,2.75,101504300,0.0,0.0
2020-07-22,2.75,2.75,2.75,2.75,44860500,0.0,0.0
2020-07-23,2.75,2.75,2.75,2.75,42226200,0.0,0.0
2020-07-24,2.75,2.75,2.5,2.75,40164900,0.0,0.0
2020-07-27,2.75,2.75,2.5,2.5,52373700,0.0,0.0
2020-07-28,2.5,2.75,2.5,2.75,46754000,0.0,0.0
2020-07-29,2.75,2.75,2.5,2.5,39714000,0.0,0.0
2020-07-30,2.5,2.5,2.5,2.5,51299200,0.0,0.0
2020-07-31,2.5,2.5,2.5,2.5,48041600,0.0,0.0
2020-08-03,2.5,2.5,2.25,2.5,87866000,0.0,0.0
2020-08-04,2.5,2.5,2.25,2.5,52475300,0.0,0.0
2020-08-05,2.5,2.75,2.5,2.5,88029700,0.0,0.0
2020-08-06,2.5,2.75,2.5,2.5,48759000,0.0,0.0
2020-08-07,2.5,2.5,2.25,2.25,178932400,0.0,0.0
2020-08-10,1.559999942779541,1.7400000095367432,1.3799999952316284,1.7200000286102295,18572500,0.0,0.04
2020-08-11,1.7400000095367432,1.7400000095367432,1.5399999618530273,1.5800000429153442,5203500,0.0,0.0
2020-08-12,1.5499999523162842,1.5700000524520874,1.340000033378601,1.350000023841858,6044900,0.0,0.0
2020-08-13,1.4199999570846558,1.4299999475479126,1.350000023841858,1.3700000047683716,3356900,0.0,0.0
2020-08-14,1.3799999952316284,1.3799999952316284,1.2599999904632568,1.2799999713897705,4120500,0.0,0.0
2020-08-17,1.25,1.4500000476837158,1.1200000047683716,1.3600000143051147,12254700,0.0,0.0
2020-08-18,1.3200000524520874,1.3200000524520874,1.149999976158142,1.159999966621399,5020000,0.0,0.0
2020-08-19,1.2300000190734863,1.2300000190734863,1.1399999856948853,1.159999966621399,3740100,0.0,0.0
2020-08-20,1.1299999952316284,1.7999999523162842,1.0099999904632568,1.7300000190734863,57434500,0.0,0.0
2020-08-21,1.600000023841858,1.649999976158142,1.2999999523162842,1.4199999570846558,22123600,0.0,0.0
2020-08-24,1.3799999952316284,1.4500000476837158,1.3200000524520874,1.3700000047683716,4679500,0.0,0.0
2020-08-25,1.3799999952316284,1.4500000476837158,1.2799999713897705,1.399999976158142,5196700,0.0,0.0
2020-08-26,1.3799999952316284,1.4900000095367432,1.2899999618530273,1.3200000524520874,5232000,0.0,0.0
2020-08-27,1.309999942779541,1.350000023841858,1.2300000190734863,1.2899999618530273,3854600,0.0,0.0
2020-08-28,1.2799999713897705,1.409999966621399,1.2400000095367432,1.3300000429153442,6033600,0.0,0.0
2020-08-31,1.3200000524520874,1.399999976158142,1.2799999713897705,1.2899999618530273,6424700,0.0,0.0
2020-09-01,1.2999999523162842,1.2999999523162842,1.2400000095367432,1.2699999809265137,3424100,0.0,0.0
2020-09-02,1.2899999618530273,1.2999999523162842,1.2000000476837158,1.2400000095367432,2677800,0.0,0.0
2020-09-03,1.2000000476837158,1.2300000190734863,1.1200000047683716,1.1399999856948853,3498100,0.0,0.0
2020-09-04,1.159999966621399,1.1799999475479126,1.0499999523162842,1.100000023841858,3650100,0.0,0.0
2020-09-08,1.0800000429153442,1.100000023841858,1.0299999713897705,1.0800000429153442,2414800,0.0,0.0
2020-09-09,1.0800000429153442,1.2599999904632568,1.059999942779541,1.1200000047683716,4699100,0.0,0.0
2020-09-10,1.159999966621399,1.2100000381469727,1.100000023841858,1.1200000047683716,2718200,0.0,0.0
2020-09-11,1.149999976158142,1.149999976158142,1.0800000429153442,1.100000023841858,1943300,0.0,0.0
2020-09-14,1.1100000143051147,1.1200000047683716,1.0800000429153442,1.1100000143051147,1483100,0.0,0.0
2020-09-15,1.1200000047683716,1.1299999952316284,1.0800000429153442,1.090000033378601,1337900,0.0,0.0
2020-09-16,1.100000023841858,1.2000000476837158,1.090000033378601,1.149999976158142,2617100,0.0,0.0
2020-09-17,1.149999976158142,1.1699999570846558,1.1100000143051147,1.1299999952316284,1166900,0.0,0.0
2020-09-18,1.1399999856948853,1.2799999713897705,1.1299999952316284,1.190000057220459,4925700,0.0,0.0
2020-09-21,1.1699999570846558,1.1799999475479126,1.1200000047683716,1.1399999856948853,1603000,0.0,0.0
2020-09-22,1.149999976158142,1.1799999475479126,1.1200000047683716,1.1200000047683716,1672300,0.0,0.0
2020-09-23,1.1299999952316284,1.159999966621399,1.0499999523162842,1.0700000524520874,2650800,0.0,0.0
2020-09-24,1.0499999523162842,1.059999942779541,0.949999988079071,0.9900000095367432,3888500,0.0,0.0
2020-09-25,1.0099999904632568,1.059999942779541,0.9900000095367432,1.0199999809265137,2355200,0.0,0.0
2020-09-28,1.0700000524520874,1.1200000047683716,1.0399999618530273,1.059999942779541,2703400,0.0,0.0
2020-09-29,1.0800000429153442,1.190000057220459,1.0499999523162842,1.0800000429153442,4630800,0.0,0.0
2020-09-30,1.090000033378601,1.100000023841858,1.059999942779541,1.0800000429153442,1540500,0.0,0.0
2020-10-01,1.100000023841858,1.1699999570846558,1.059999942779541,1.1399999856948853,2554300,0.0,0.0
2020-10-02,1.100000023841858,1.149999976158142,1.0700000524520874,1.1299999952316284,1230100,0.0,0.0
2020-10-05,1.149999976158142,1.1799999475479126,1.1100000143051147,1.149999976158142,2136300,0.0,0.0
2020-10-06,1.1399999856948853,1.2599999904632568,1.1299999952316284,1.1799999475479126,4695200,0.0,0.0
2020-10-07,1.2000000476837158,1.2899999618530273,1.1799999475479126,1.2200000286102295,3389100,0.0,0.0
2020-10-08,1.2400000095367432,1.25,1.159999966621399,1.190000057220459,2503100,0.0,0.0
2020-10-09,1.2000000476837158,1.2799999713897705,1.1799999475479126,1.25,2983000,0.0,0.0
2020-10-12,1.2999999523162842,1.309999942779541,1.2100000381469727,1.25,3452900,0.0,0.0
2020-10-13,1.25,1.25,1.1699999570846558,1.1799999475479126,1729000,0.0,0.0
2020-10-14,1.2100000381469727,1.2100000381469727,1.149999976158142,1.159999966621399,1327900,0.0,0.0
2020-10-15,1.149999976158142,1.2000000476837158,1.1100000143051147,1.1699999570846558,1670900,0.0,0.0
2020-10-16,1.190000057220459,1.190000057220459,1.1200000047683716,1.1299999952316284,1243100,0.0,0.0
2020-10-19,1.1399999856948853,1.159999966621399,1.1200000047683716,1.1299999952316284,1066700,0.0,0.0
2020-10-20,1.1399999856948853,1.149999976158142,1.100000023841858,1.1100000143051147,1058900,0.0,0.0
2020-10-21,1.1100000143051147,1.1200000047683716,1.0700000524520874,1.0700000524520874,1347700,0.0,0.0
2020-10-22,1.0700000524520874,1.2000000476837158,1.0700000524520874,1.1299999952316284,5626700,0.0,0.0
2020-10-23,1.1399999856948853,1.1699999570846558,1.090000033378601,1.1100000143051147,1278800,0.0,0.0
2020-10-26,1.1100000143051147,1.1100000143051147,1.0399999618530273,1.059999942779541,1817800,0.0,0.0
2020-10-27,1.0800000429153442,1.0800000429153442,1.0299999713897705,1.0299999713897705,1182100,0.0,0.0
2020-10-28,1.0299999713897705,1.0700000524520874,1.0,1.059999942779541,3172800,0.0,0.0
2020-10-29,1.0700000524520874,1.0700000524520874,1.0199999809265137,1.0399999618530273,1465000,0.0,0.0
2020-10-30,1.0399999618530273,1.0499999523162842,1.0,1.0199999809265137,1822700,0.0,0.0
2020-11-02,1.0299999713897705,1.0399999618530273,1.0,1.0199999809265137,1009900,0.0,0.0
2020-11-03,1.0199999809265137,1.059999942779541,1.0199999809265137,1.0399999618530273,1251500,0.0,0.0
2020-11-04,1.0499999523162842,1.0499999523162842,1.0,1.0199999809265137,1005600,0.0,0.0
2020-11-05,1.0099999904632568,1.0499999523162842,1.0099999904632568,1.0399999618530273,1145600,0.0,0.0
2020-11-06,1.0299999713897705,1.0499999523162842,1.0099999904632568,1.0499999523162842,1882200,0.0,0.0
2020-11-09,1.0800000429153442,1.1200000047683716,1.0499999523162842,1.0800000429153442,2974800,0.0,0.0
2020-11-10,1.090000033378601,1.1799999475479126,1.0800000429153442,1.149999976158142,3090100,0.0,0.0
2020-11-11,1.1799999475479126,1.1799999475479126,1.100000023841858,1.1299999952316284,3914700,0.0,0.0
2020-11-12,1.1799999475479126,1.2300000190734863,1.100000023841858,1.1399999856948853,5489000,0.0,0.0
2020-11-13,1.1200000047683716,1.1299999952316284,1.0800000429153442,1.100000023841858,2059600,0.0,0.0
2020-11-16,1.149999976158142,1.149999976158142,1.090000033378601,1.1100000143051147,1578200,0.0,0.0
2020-11-17,1.100000023841858,1.1299999952316284,1.0800000429153442,1.1299999952316284,2109200,0.0,0.0
2020-11-18,1.1299999952316284,1.1399999856948853,1.1100000143051147,1.1100000143051147,1957900,0.0,0.0
2020-11-19,1.1200000047683716,1.1200000047683716,1.0800000429153442,1.1200000047683716,1600000,0.0,0.0
2020-11-20,1.1100000143051147,1.159999966621399,1.100000023841858,1.1200000047683716,1571900,0.0,0.0
2020-11-23,1.149999976158142,1.25,1.1299999952316284,1.2000000476837158,3629200,0.0,0.0
2020-11-24,1.2400000095367432,1.340000033378601,1.159999966621399,1.190000057220459,8073300,0.0,0.0
2020-11-25,1.2000000476837158,1.2400000095367432,1.159999966621399,1.2400000095367432,2268100,0.0,0.0
2020-11-27,1.2400000095367432,1.2699999809265137,1.1799999475479126,1.2200000286102295,1356500,0.0,0.0
2020-11-30,1.2100000381469727,1.2200000286102295,1.159999966621399,1.1699999570846558,1920800,0.0,0.0
2020-12-01,1.1699999570846558,1.2000000476837158,1.1100000143051147,1.1200000047683716,2666500,0.0,0.0
2020-12-02,1.1299999952316284,1.1699999570846558,1.1200000047683716,1.159999966621399,1431100,0.0,0.0
2020-12-03,1.159999966621399,1.2400000095367432,1.159999966621399,1.190000057220459,2484800,0.0,0.0
2020-12-04,1.190000057220459,1.7200000286102295,1.190000057220459,1.649999976158142,31250900,0.0,0.0
2020-12-07,1.5199999809265137,1.6200000047683716,1.3899999856948853,1.4900000095367432,8994700,0.0,0.0
2020-12-08,1.5099999904632568,1.590000033378601,1.3200000524520874,1.3700000047683716,4960500,0.0,0.0
2020-12-09,1.4700000286102295,1.4700000286102295,1.2100000381469727,1.2200000286102295,6920300,0.0,0.0
2020-12-10,1.2300000190734863,1.3899999856948853,1.2000000476837158,1.3799999952316284,4348500,0.0,0.0
2020-12-11,1.350000023841858,1.3700000047683716,1.2899999618530273,1.3200000524520874,1917300,0.0,0.0
2020-12-14,1.340000033378601,1.350000023841858,1.2599999904632568,1.2799999713897705,2374500,0.0,0.0
2020-12-15,1.2699999809265137,1.309999942779541,1.2400000095367432,1.2899999618530273,1538500,0.0,0.0
2020-12-16,1.3200000524520874,1.3300000429153442,1.2400000095367432,1.2699999809265137,1720900,0.0,0.0
2020-12-17,1.2599999904632568,1.2599999904632568,1.2200000286102295,1.2300000190734863,1744200,0.0,0.0
2020-12-18,1.25,1.25,1.190000057220459,1.2000000476837158,1728400,0.0,0.0
2020-12-21,1.2000000476837158,1.2100000381469727,1.159999966621399,1.190000057220459,2014100,0.0,0.0
2020-12-22,1.2000000476837158,1.2000000476837158,1.159999966621399,1.1799999475479126,2109400,0.0,0.0
2020-12-23,1.1799999475479126,1.2799999713897705,1.159999966621399,1.2300000190734863,3274300,0.0,0.0
2020-12-24,1.2699999809265137,1.2799999713897705,1.2200000286102295,1.2400000095367432,1707600,0.0,0.0
2020-12-28,1.25,1.2799999713897705,1.2000000476837158,1.2100000381469727,2366700,0.0,0.0
2020-12-29,1.2100000381469727,1.2100000381469727,1.159999966621399,1.190000057220459,1996800,0.0,0.0
2020-12-30,1.2200000286102295,1.25,1.190000057220459,1.2000000476837158,2513400,0.0,0.0
2020-12-31,1.2200000286102295,1.350000023841858,1.2100000381469727,1.2100000381469727,6882800,0.0,0.0
2021-01-04,1.25,1.25,1.159999966621399,1.2300000190734863,2123700,0.0,0.0
2021-01-05,1.2400000095367432,1.3700000047683716,1.2100000381469727,1.3300000429153442,7628200,0.0,0.0
2021-01-06,1.350000023841858,1.3700000047683716,1.25,1.2899999618530273,3006600,0.0,0.0
2021-01-07,1.3200000524520874,1.4900000095367432,1.2999999523162842,1.4299999475479126,6104400,0.0,0.0
2021-01-08,1.4800000190734863,1.5099999904632568,1.3799999952316284,1.4199999570846558,4708100,0.0,0.0
2021-01-11,1.4500000476837158,1.7799999713897705,1.4199999570846558,1.649999976158142,11531600,0.0,0.0
2021-01-12,1.659999966621399,1.940000057220459,1.649999976158142,1.7200000286102295,9606600,0.0,0.0
2021-01-13,1.75,1.7799999713897705,1.5499999523162842,1.590000033378601,5419100,0.0,0.0
2021-01-14,1.6200000047683716,1.6799999475479126,1.5099999904632568,1.6100000143051147,4319000,0.0,0.0
2021-01-15,1.6100000143051147,1.6100000143051147,1.5,1.5099999904632568,2385900,0.0,0.0
2021-01-19,1.5700000524520874,1.6299999952316284,1.5399999618530273,1.5800000429153442,2739900,0.0,0.0
2021-01-20,1.6200000047683716,1.6200000047683716,1.4800000190734863,1.5499999523162842,2770100,0.0,0.0
2021-01-21,1.5800000429153442,1.7400000095367432,1.5,1.6399999856948853,6457600,0.0,0.0
2021-01-22,1.649999976158142,1.649999976158142,1.5700000524520874,1.6399999856948853,2310200,0.0,0.0
2021-01-25,1.6799999475479126,2.059999942779541,1.590000033378601,1.9700000286102295,12344700,0.0,0.0
2021-01-26,2.059999942779541,2.069999933242798,1.8200000524520874,1.940000057220459,7152700,0.0,0.0
2021-01-27,1.7699999809265137,1.8799999952316284,1.5800000429153442,1.649999976158142,7562700,0.0,0.0
2021-01-28,1.8600000143051147,1.9199999570846558,1.75,1.7899999618530273,5927200,0.0,0.0
2021-01-29,1.8700000047683716,2.75,1.7699999809265137,2.0999999046325684,34545300,0.0,0.0
2021-02-01,2.0999999046325684,2.190000057220459,1.9199999570846558,2.0799999237060547,5807800,0.0,0.0
2021-02-02,2.0299999713897705,2.059999942779541,1.8799999952316284,2.0,3862600,0.0,0.0
2021-02-03,2.0799999237060547,2.140000104904175,2.0199999809265137,2.0999999046325684,4662600,0.0,0.0
2021-02-04,2.130000114440918,2.1700000762939453,2.059999942779541,2.1600000858306885,3786400,0.0,0.0
2021-02-05,2.2200000286102295,2.2300000190734863,2.0299999713897705,2.119999885559082,4162700,0.0,0.0
2021-02-08,2.1500000953674316,2.3499999046325684,2.069999933242798,2.309999942779541,6510600,0.0,0.0
2021-02-09,2.390000104904175,2.799999952316284,2.299999952316284,2.740000009536743,10944900,0.0,0.0
2021-02-10,2.8399999141693115,2.859999895095825,2.2300000190734863,2.5299999713897705,11134100,0.0,0.0
2021-02-11,2.640000104904175,2.7899999618530273,2.4700000286102295,2.549999952316284,7532800,0.0,0.0
2021-02-12,2.619999885559082,3.890000104904175,2.559999942779541,3.6700000762939453,55901000,0.0,0.0
2021-02-16,3.3399999141693115,3.7899999618530273,3.0999999046325684,3.690000057220459,16365200,0.0,0.0
2021-02-17,3.4200000762939453,3.440000057220459,2.869999885559082,3.180000066757202,7537000,0.0,0.0
2021-02-18,3.0999999046325684,3.1500000953674316,2.680000066757202,2.680000066757202,5505000,0.0,0.0
2021-02-19,2.819999933242798,3.0999999046325684,2.819999933242798,2.9200000762939453,4726200,0.0,0.0
2021-02-22,2.880000114440918,3.200000047683716,2.859999895095825,2.880000114440918,4101600,0.0,0.0
2021-02-23,2.7100000381469727,2.7100000381469727,2.2100000381469727,2.5399999618530273,5137700,0.0,0.0
2021-02-24,2.6500000953674316,2.75,2.5799999237060547,2.609999895095825,2529600,0.0,0.0
2021-02-25,2.6600000858306885,2.700000047683716,2.380000114440918,2.430000066757202,2875700,0.0,0.0
2021-02-26,2.390000104904175,2.4800000190734863,2.1500000953674316,2.3499999046325684,2957700,0.0,0.0
2021-03-01,2.440000057220459,2.549999952316284,2.3499999046325684,2.369999885559082,2235700,0.0,0.0
2021-03-02,2.4000000953674316,2.5999999046325684,2.369999885559082,2.4800000190734863,2548100,0.0,0.0
2021-03-03,2.509999990463257,2.549999952316284,2.299999952316284,2.319999933242798,1835600,0.0,0.0
2021-03-04,2.319999933242798,2.319999933242798,1.9800000190734863,2.0799999237060547,3517800,0.0,0.0
2021-03-05,2.0999999046325684,2.1500000953674316,1.7699999809265137,2.0399999618530273,3503700,0.0,0.0
2021-03-08,2.0899999141693115,2.190000057220459,2.059999942779541,2.130000114440918,2039600,0.0,0.0
2021-03-09,2.2100000381469727,2.4000000953674316,2.0999999046325684,2.380000114440918,2352000,0.0,0.0
2021-03-10,2.450000047683716,2.450000047683716,2.2200000286102295,2.440000057220459,2751000,0.0,0.0
2021-03-11,2.5399999618530273,2.6500000953674316,2.380000114440918,2.4100000858306885,4350900,0.0,0.0
2021-03-12,2.4100000858306885,2.5799999237060547,2.369999885559082,2.490000009536743,3785800,0.0,0.0
2021-03-15,2.630000114440918,2.680000066757202,2.430000066757202,2.5899999141693115,2740100,0.0,0.0
2021-03-16,2.7300000190734863,2.7799999713897705,2.430000066757202,2.559999942779541,4559400,0.0,0.0
2021-03-17,2.5399999618530273,2.5899999141693115,2.430000066757202,2.569999933242798,1753200,0.0,0.0
2021-03-18,2.549999952316284,2.619999885559082,2.3399999141693115,2.380000114440918,2791000,0.0,0.0
2021-03-19,2.4100000858306885,2.440000057220459,2.25,2.369999885559082,1659800,0.0,0.0
2021-03-22,2.4200000762939453,2.430000066757202,2.240000009536743,2.259999990463257,1669300,0.0,0.0
2021-03-23,2.2699999809265137,2.2899999618530273,2.0199999809265137,2.069999933242798,3060900,0.0,0.0
2021-03-24,2.119999885559082,2.190000057220459,2.009999990463257,2.0399999618530273,1894100,0.0,0.0
2021-03-25,2.009999990463257,2.0899999141693115,1.850000023841858,2.049999952316284,3216900,0.0,0.0
2021-03-26,2.0999999046325684,2.1600000858306885,1.9600000381469727,2.059999942779541,1893600,0.0,0.0
2021-03-29,2.059999942779541,2.059999942779541,1.850000023841858,1.9199999570846558,1863900,0.0,0.0
2021-03-30,1.7699999809265137,1.9700000286102295,1.7699999809265137,1.9299999475479126,1720000,0.0,0.0
2021-03-31,1.940000057220459,1.9900000095367432,1.8799999952316284,1.8899999856948853,1852200,0.0,0.0
2021-04-01,1.9199999570846558,2.0299999713897705,1.899999976158142,1.9900000095367432,1320500,0.0,0.0
2021-04-05,2.0,2.0,1.8200000524520874,1.8600000143051147,2203000,0.0,0.0
2021-04-06,1.8799999952316284,1.8899999856948853,1.7999999523162842,1.8300000429153442,1188200,0.0,0.0
2021-04-07,1.840000033378601,1.840000033378601,1.7300000190734863,1.7999999523162842,1578900,0.0,0.0
2021-04-08,1.7999999523162842,1.8200000524520874,1.690000057220459,1.7699999809265137,1498100,0.0,0.0
2021-04-09,1.7400000095367432,1.7799999713897705,1.7000000476837158,1.7100000381469727,931700,0.0,0.0
2021-04-12,1.75,1.75,1.590000033378601,1.590000033378601,1405200,0.0,0.0
2021-04-13,1.600000023841858,1.6299999952316284,1.5199999809265137,1.5499999523162842,1821000,0.0,0.0
2021-04-14,1.5299999713897705,1.7999999523162842,1.5299999713897705,1.690000057220459,3455600,0.0,0.0
2021-04-15,1.7200000286102295,1.7899999618530273,1.5700000524520874,1.590000033378601,2417500,0.0,0.0
2021-04-16,1.559999942779541,1.5700000524520874,1.409999966621399,1.4500000476837158,3500000,0.0,0.0
2021-04-19,1.4500000476837158,1.5099999904632568,1.409999966621399,1.4500000476837158,1429500,0.0,0.0
2021-04-20,1.4500000476837158,1.4500000476837158,1.340000033378601,1.3700000047683716,1783500,0.0,0.0
2021-04-21,1.3899999856948853,1.4800000190734863,1.340000033378601,1.409999966621399,1952000,0.0,0.0
2021-04-22,1.4700000286102295,1.590000033378601,1.409999966621399,1.5,2067300,0.0,0.0
2021-04-23,1.4900000095367432,1.5800000429153442,1.4900000095367432,1.5199999809265137,1326700,0.0,0.0
2021-04-26,1.5800000429153442,1.690000057220459,1.5499999523162842,1.6699999570846558,1498200,0.0,0.0
2021-04-27,1.75,1.809999942779541,1.649999976158142,1.75,1802300,0.0,0.0
2021-04-28,1.7599999904632568,1.8300000429153442,1.690000057220459,1.8300000429153442,1183400,0.0,0.0
2021-04-29,1.8799999952316284,1.8799999952316284,1.659999966621399,1.7300000190734863,1879100,0.0,0.0
2021-04-30,1.7200000286102295,1.7400000095367432,1.649999976158142,1.6799999475479126,1230700,0.0,0.0
2021-05-03,1.6799999475479126,2.569999933242798,1.659999966621399,2.0799999237060547,22042200,0.0,0.0
2021-05-04,1.9600000381469727,1.9700000286102295,1.7100000381469727,1.7999999523162842,5391300,0.0,0.0
2021-05-05,1.809999942779541,1.9299999475479126,1.659999966621399,1.6699999570846558,3727400,0.0,0.0
2021-05-06,1.7100000381469727,1.7100000381469727,1.5099999904632568,1.5700000524520874,2651800,0.0,0.0
2021-05-07,1.5700000524520874,1.690000057220459,1.559999942779541,1.649999976158142,1808000,0.0,0.0
2021-05-10,1.590000033378601,1.6399999856948853,1.5299999713897705,1.5700000524520874,1823300,0.0,0.0
2021-05-11,1.5199999809265137,1.6299999952316284,1.5,1.5800000429153442,1301700,0.0,0.0
2021-05-12,1.5800000429153442,1.6200000047683716,1.4800000190734863,1.5,1292900,0.0,0.0
2021-05-13,1.5499999523162842,1.559999942779541,1.3700000047683716,1.409999966621399,1831600,0.0,0.0
2021-05-14,1.4700000286102295,1.5199999809265137,1.4500000476837158,1.4700000286102295,1358100,0.0,0.0
2021-05-17,1.4700000286102295,1.5099999904632568,1.4299999475479126,1.5,835200,0.0,0.0
2021-05-18,1.5499999523162842,1.5700000524520874,1.4900000095367432,1.5,1342700,0.0,0.0
2021-05-19,1.4900000095367432,1.5099999904632568,1.4199999570846558,1.4900000095367432,1070600,0.0,0.0
2021-05-20,1.5,1.5099999904632568,1.440000057220459,1.4800000190734863,1029400,0.0,0.0
2021-05-21,1.5,1.5399999618530273,1.4700000286102295,1.5299999713897705,914500,0.0,0.0
2021-05-24,1.5700000524520874,1.5700000524520874,1.4900000095367432,1.5099999904632568,694100,0.0,0.0
2021-05-25,1.4900000095367432,1.5099999904632568,1.4299999475479126,1.4800000190734863,1118300,0.0,0.0
2021-05-26,1.4800000190734863,1.5,1.4500000476837158,1.5,1339800,0.0,0.0
2021-05-27,1.5199999809265137,1.5299999713897705,1.4800000190734863,1.4900000095367432,1056100,0.0,0.0
2021-05-28,1.4800000190734863,1.649999976158142,1.4800000190734863,1.5700000524520874,1984200,0.0,0.0
2021-06-01,1.590000033378601,1.6200000047683716,1.5399999618530273,1.6100000143051147,1252700,0.0,0.0
2021-06-02,1.6200000047683716,1.7699999809265137,1.590000033378601,1.690000057220459,2927600,0.0,0.0
2021-06-03,1.7000000476837158,1.7400000095367432,1.6100000143051147,1.6299999952316284,1583500,0.0,0.0
2021-06-04,1.6299999952316284,1.6699999570846558,1.600000023841858,1.6299999952316284,764500,0.0,0.0
2021-06-07,1.6299999952316284,1.7599999904632568,1.6200000047683716,1.7400000095367432,1562900,0.0,0.0
2021-06-08,1.7300000190734863,1.75,1.6699999570846558,1.7400000095367432,1253600,0.0,0.0
2021-06-09,1.7300000190734863,1.9500000476837158,1.7200000286102295,1.8600000143051147,2164200,0.0,0.0
2021-06-10,1.9299999475479126,1.9299999475479126,1.7799999713897705,1.8600000143051147,1437300,0.0,0.0
2021-06-11,1.899999976158142,1.9199999570846558,1.850000023841858,1.899999976158142,891800,0.0,0.0
2021-06-14,1.8700000047683716,1.9199999570846558,1.7799999713897705,1.809999942779541,1058400,0.0,0.0
2021-06-15,1.8300000429153442,1.840000033378601,1.6699999570846558,1.7100000381469727,1194700,0.0,0.0
2021-06-16,1.7200000286102295,1.8700000047683716,1.7100000381469727,1.850000023841858,1493700,0.0,0.0
2021-06-17,1.8700000047683716,1.8899999856948853,1.7000000476837158,1.7799999713897705,2017700,0.0,0.0
2021-06-18,1.7300000190734863,1.7599999904632568,1.6699999570846558,1.6699999570846558,1370800,0.0,0.0
2021-06-21,1.7200000286102295,1.7200000286102295,1.6100000143051147,1.7000000476837158,1258600,0.0,0.0
2021-06-22,1.7000000476837158,1.7100000381469727,1.649999976158142,1.6799999475479126,764400,0.0,0.0
2021-06-23,1.6799999475479126,1.7200000286102295,1.6699999570846558,1.690000057220459,625900,0.0,0.0
2021-06-24,1.690000057220459,1.7400000095367432,1.6799999475479126,1.7400000095367432,1028900,0.0,0.0
2021-06-25,1.75,1.75,1.649999976158142,1.7000000476837158,1017100,0.0,0.0
2021-06-28,1.690000057220459,1.690000057220459,1.6100000143051147,1.649999976158142,1076300,0.0,0.0
2021-06-29,1.659999966621399,1.6699999570846558,1.6200000047683716,1.6200000047683716,769500,0.0,0.0
2021-06-30,1.6399999856948853,1.649999976158142,1.600000023841858,1.600000023841858,894000,0.0,0.0
2021-07-01,1.6200000047683716,1.6399999856948853,1.5800000429153442,1.6100000143051147,766100,0.0,0.0
2021-07-02,1.6200000047683716,1.6399999856948853,1.5499999523162842,1.559999942779541,990900,0.0,0.0
2021-07-06,1.559999942779541,1.5800000429153442,1.5199999809265137,1.5399999618530273,730500,0.0,0.0
2021-07-07,1.5399999618530273,1.559999942779541,1.4199999570846558,1.4800000190734863,1021400,0.0,0.0
2021-07-08,1.4199999570846558,1.4800000190734863,1.409999966621399,1.4600000381469727,630400,0.0,0.0
2021-07-09,1.4700000286102295,1.559999942779541,1.4600000381469727,1.559999942779541,676200,0.0,0.0
2021-07-12,1.5399999618530273,1.559999942779541,1.4700000286102295,1.4900000095367432,524700,0.0,0.0
2021-07-13,1.5299999713897705,1.5299999713897705,1.4299999475479126,1.4500000476837158,448000,0.0,0.0
2021-07-14,1.4500000476837158,1.4700000286102295,1.3700000047683716,1.3899999856948853,674900,0.0,0.0
2021-07-15,1.409999966621399,1.409999966621399,1.309999942779541,1.3700000047683716,795400,0.0,0.0
2021-07-16,1.3600000143051147,1.3899999856948853,1.2999999523162842,1.2999999523162842,504600,0.0,0.0
2021-07-19,1.2599999904632568,1.2899999618530273,1.2000000476837158,1.2799999713897705,873600,0.0,0.0
2021-07-20,1.25,1.350000023841858,1.2300000190734863,1.340000033378601,453200,0.0,0.0
2021-07-21,1.3799999952316284,1.4199999570846558,1.350000023841858,1.3899999856948853,609300,0.0,0.0
2021-07-22,1.399999976158142,1.399999976158142,1.3300000429153442,1.340000033378601,359800,0.0,0.0
2021-07-23,1.3600000143051147,1.3600000143051147,1.2599999904632568,1.3300000429153442,411200,0.0,0.0
2021-07-26,1.2899999618530273,1.350000023841858,1.2799999713897705,1.3300000429153442,411200,0.0,0.0
2021-07-27,1.2999999523162842,1.3200000524520874,1.2799999713897705,1.309999942779541,342500,0.0,0.0
2021-07-28,1.2999999523162842,1.3899999856948853,1.2899999618530273,1.3700000047683716,533200,0.0,0.0
2021-07-29,1.409999966621399,1.4199999570846558,1.3300000429153442,1.340000033378601,527600,0.0,0.0
2021-07-30,1.3799999952316284,1.3799999952316284,1.2999999523162842,1.340000033378601,393400,0.0,0.0
2021-08-03,1.3300000429153442,1.3300000429153442,1.2799999713897705,1.3300000429153442,392100,0.0,0.0
2021-08-04,1.2999999523162842,1.309999942779541,1.2699999809265137,1.2899999618530273,40590000,0.0,0.0
2021-08-05,1.2599999904632568,1.399999976158142,1.2599999904632568,1.350000023841858,114330000,0.0,0.0
2021-08-06,1.350000023841858,1.3600000143051147,1.2999999523162842,1.309999942779541,40200000,0.0,0.0
2021-08-09,1.3200000524520874,1.3300000429153442,1.2699999809265137,1.309999942779541,43590000,0.0,0.0
2021-08-10,1.2999999523162842,1.3300000429153442,1.2899999618530273,1.309999942779541,32840000,0.0,0.0
2021-08-11,1.2999999523162842,1.350000023841858,1.2899999618530273,1.340000033378601,59790000,0.0,0.0
2021-08-12,1.3300000429153442,1.350000023841858,1.309999942779541,1.3300000429153442,40720000,0.0,0.0
2021-08-13,1.3200000524520874,1.4500000476837158,1.309999942779541,1.3899999856948853,216250000,0.0,0.0
2021-08-16,1.3600000143051147,1.3799999952316284,1.2599999904632568,1.2599999904632568,106260000,0.0,0.0
2021-08-17,1.25,1.2599999904632568,1.1299999952316284,1.2300000190734863,193940000,0.0,0.0
2021-08-18,1.2000000476837158,1.2300000190734863,1.190000057220459,1.190000057220459,48950000,0.0,0.0
